,instance,arrival_pfizer,arrival_moderna,arrival_astrazeneca,first_doses_Pfizer,second_doses_Pfizer,stock_values_Pfizer,first_doses_Moderna,second_doses_Moderna,stock_values_Moderna,first_doses_Astrazeneca,second_doses_Astrazeneca,stock_values_Astrazeneca,capacity
0,1,0,0,0,0.0,0.0,0.0,0.0,0.0,0.0,0.0,0.0,0.0,12082841
1,2,0,0,0,0.0,0.0,0.0,0.0,0.0,0.0,0.0,0.0,0.0,12082841
2,3,0,0,0,0.0,0.0,0.0,0.0,0.0,0.0,0.0,0.0,0.0,12082841
3,4,0,0,0,0.0,0.0,0.0,0.0,0.0,0.0,0.0,0.0,0.0,12082841
4,5,0,10002620,0,0.0,0.0,0.0,2081224.0,0.0,7921396.0,0.0,0.0,0.0,12082841
5,6,0,0,0,0.0,0.0,0.0,7921393.0,0.0,3.0,0.0,0.0,0.0,12082841
6,7,0,0,0,0.0,0.0,0.0,0.0,0.0,3.0,0.0,0.0,0.0,12082841
7,8,0,0,0,0.0,0.0,0.0,0.0,0.0,3.0,0.0,0.0,0.0,12082841
8,9,0,0,0,0.0,0.0,0.0,2.0,0.0,1.0,0.0,0.0,0.0,12082841
9,10,9997042,0,0,9997042.0,0.0,0.0,0.0,0.0,1.0,0.0,0.0,0.0,12082841
10,11,9997908,0,0,9997763.0,0.0,145.0,0.0,0.0,1.0,0.0,0.0,0.0,12082841
11,12,0,0,0,0.0,0.0,145.0,0.0,0.0,1.0,0.0,0.0,0.0,12082841
12,13,0,9995614,0,0.0,0.0,145.0,9995611.0,0.0,4.0,0.0,0.0,0.0,12082841
13,14,0,10000908,9998987,0.0,0.0,145.0,2100991.0,0.0,7899921.0,13391.0,0.0,9985596.0,12082841
14,15,0,0,0,0.0,0.0,145.0,0.0,0.0,7899921.0,0.0,0.0,9985596.0,12082841
15,16,0,0,0,145.0,0.0,0.0,0.0,0.0,7899921.0,0.0,0.0,9985596.0,12082841
16,17,0,0,0,0.0,0.0,0.0,2083112.0,0.0,5816809.0,4169290.0,0.0,5816306.0,12082841
17,18,10003857,0,0,10003857.0,0.0,0.0,2078984.0,0.0,3737825.0,0.0,0.0,5816306.0,12082841
18,19,0,0,0,0.0,0.0,0.0,61.0,0.0,3737764.0,0.0,0.0,5816306.0,12082841
19,20,0,0,0,0.0,0.0,0.0,1648855.0,0.0,2088909.0,5816306.0,0.0,0.0,12082841
20,21,9998066,0,0,0.0,0.0,9998066.0,2.0,0.0,2088907.0,0.0,0.0,0.0,12082841
21,22,0,0,0,0.0,0.0,9998066.0,2.0,0.0,2088905.0,0.0,0.0,0.0,12082841
22,23,0,0,0,0.0,0.0,9998066.0,0.0,0.0,2088905.0,0.0,0.0,0.0,12082841
23,24,0,0,0,0.0,0.0,9998066.0,2.0,0.0,2088903.0,0.0,0.0,0.0,12082841
24,25,0,0,0,0.0,0.0,9998066.0,0.0,0.0,2088903.0,0.0,0.0,0.0,12082841
25,26,0,10002906,10003329,0.0,0.0,9998066.0,1.0,0.0,12091808.0,10003329.0,0.0,0.0,12082841
26,27,0,0,0,0.0,0.0,9998066.0,0.0,0.0,12091808.0,0.0,0.0,0.0,12082841
27,28,0,0,0,0.0,0.0,9998066.0,0.0,0.0,12091808.0,0.0,0.0,0.0,12082841
28,29,0,0,0,0.0,0.0,9998066.0,0.0,0.0,12091808.0,0.0,0.0,0.0,12082841
29,30,0,0,0,0.0,0.0,9998066.0,0.0,0.0,12091808.0,0.0,0.0,0.0,12082841
30,31,9996739,0,0,0.0,9997042.0,9997763.0,0.0,0.0,12091808.0,0.0,0.0,0.0,12082841
31,32,0,0,0,0.0,9997763.0,0.0,0.0,0.0,12091808.0,0.0,0.0,0.0,12082841
32,33,0,0,10001616,0.0,0.0,0.0,0.0,2081224.0,10010584.0,10001616.0,0.0,0.0,12082841
33,34,0,0,0,0.0,0.0,0.0,0.0,7921393.0,2089191.0,0.0,0.0,0.0,12082841
34,35,0,0,0,0.0,0.0,0.0,0.0,0.0,2089191.0,0.0,0.0,0.0,12082841
35,36,0,0,0,0.0,0.0,0.0,0.0,0.0,2089191.0,0.0,0.0,0.0,12082841
36,37,10000653,0,0,2086241.0,145.0,7914267.0,0.0,2.0,2089189.0,0.0,0.0,0.0,12082841
37,38,10000458,10007419,0,5823641.0,0.0,12091084.0,0.0,0.0,12096608.0,0.0,0.0,0.0,12082841
38,39,0,0,0,0.0,10003857.0,2087227.0,3.0,0.0,12096605.0,0.0,0.0,0.0,12082841
39,40,0,0,0,0.0,0.0,2087227.0,0.0,0.0,12096605.0,0.0,0.0,0.0,12082841
40,41,0,0,0,2087227.0,0.0,0.0,2.0,9995611.0,2100992.0,0.0,0.0,0.0,12082841
41,42,0,0,0,0.0,0.0,0.0,0.0,2100991.0,1.0,0.0,0.0,0.0,12082841
42,43,0,0,0,0.0,0.0,0.0,0.0,0.0,1.0,0.0,0.0,0.0,12082841
43,44,0,0,0,0.0,0.0,0.0,0.0,0.0,1.0,0.0,0.0,0.0,12082841
44,45,9999726,9997239,0,9999726.0,0.0,0.0,0.0,2083112.0,7914128.0,0.0,0.0,0.0,12082841
45,46,9998881,10004436,9993793,10064.0,0.0,9988817.0,0.0,2078984.0,15839580.0,9993793.0,0.0,0.0,12082841
46,47,0,0,10002223,4169542.0,0.0,5819275.0,7913238.0,61.0,7926281.0,0.0,0.0,10002223.0,12082841
47,48,0,0,0,3731091.0,0.0,2088184.0,2083311.0,1648855.0,4194115.0,11393.0,0.0,9990830.0,12082841
48,49,0,0,0,2088184.0,0.0,0.0,0.0,2.0,4194113.0,9990830.0,0.0,0.0,12082841
49,50,0,0,0,0.0,0.0,0.0,0.0,2.0,4194111.0,0.0,0.0,0.0,12082841
50,51,0,0,0,0.0,0.0,0.0,0.0,0.0,4194111.0,0.0,0.0,0.0,12082841
51,52,0,0,0,0.0,0.0,0.0,4194108.0,2.0,1.0,0.0,0.0,0.0,12082841
52,53,0,0,0,0.0,0.0,0.0,0.0,0.0,1.0,0.0,0.0,0.0,12082841
53,54,0,0,0,0.0,0.0,0.0,0.0,1.0,0.0,0.0,0.0,0.0,12082841
54,55,0,0,0,0.0,0.0,0.0,0.0,0.0,0.0,0.0,0.0,0.0,12082841
55,56,10000209,0,10004032,2090327.0,0.0,7909882.0,0.0,0.0,0.0,9992514.0,0.0,11518.0,12082841
56,57,0,0,0,0.0,0.0,7909882.0,0.0,0.0,0.0,11518.0,0.0,0.0,12082841
57,58,0,0,10002683,0.0,2086241.0,5823641.0,0.0,0.0,0.0,9996600.0,0.0,6083.0,12082841
58,59,0,0,0,0.0,5823641.0,0.0,0.0,0.0,0.0,6083.0,0.0,0.0,12082841
59,60,0,0,0,0.0,0.0,0.0,0.0,0.0,0.0,0.0,0.0,0.0,12082841
60,61,0,0,0,0.0,0.0,0.0,0.0,0.0,0.0,0.0,0.0,0.0,12082841
61,62,10001639,0,0,0.0,2087227.0,7914412.0,0.0,0.0,0.0,0.0,0.0,0.0,12082841
62,63,0,0,9998086,0.0,0.0,7914412.0,0.0,0.0,0.0,6247086.0,0.0,3751000.0,12082841
63,64,0,0,0,0.0,0.0,7914412.0,0.0,0.0,0.0,3751000.0,0.0,0.0,12082841
64,65,9996011,0,0,0.0,0.0,17910423.0,0.0,0.0,0.0,0.0,0.0,0.0,12082841
65,66,0,0,0,0.0,9999726.0,7910697.0,0.0,0.0,0.0,0.0,0.0,0.0,12082841
66,67,0,9995444,0,0.0,10064.0,7900633.0,2082142.0,3.0,7913299.0,0.0,0.0,0.0,12082841
67,68,0,0,0,0.0,4169542.0,3731091.0,7913297.0,0.0,2.0,0.0,0.0,0.0,12082841
68,69,0,0,0,0.0,3731091.0,0.0,0.0,2.0,0.0,0.0,0.0,0.0,12082841
69,70,10002908,0,0,0.0,2088184.0,7914724.0,0.0,0.0,0.0,0.0,0.0,0.0,12082841
70,71,0,0,0,0.0,0.0,7914724.0,0.0,0.0,0.0,0.0,0.0,0.0,12082841
71,72,0,0,0,0.0,0.0,7914724.0,0.0,0.0,0.0,0.0,0.0,0.0,12082841
72,73,0,0,0,0.0,0.0,7914724.0,0.0,0.0,0.0,0.0,0.0,0.0,12082841
73,74,0,0,0,0.0,0.0,7914724.0,0.0,0.0,0.0,0.0,0.0,0.0,12082841
74,75,0,9996556,0,0.0,0.0,7914724.0,4.0,7913238.0,2083314.0,0.0,0.0,0.0,12082841
75,76,0,0,9999526,0.0,0.0,7914724.0,0.0,2083311.0,3.0,9999526.0,0.0,0.0,12082841
76,77,9998017,0,0,0.0,2090327.0,15822414.0,0.0,0.0,3.0,0.0,0.0,0.0,12082841
77,78,0,0,0,9997265.0,0.0,5825149.0,2.0,0.0,1.0,0.0,0.0,0.0,12082841
78,79,0,0,0,0.0,0.0,5825149.0,0.0,0.0,1.0,0.0,0.0,0.0,12082841
79,80,0,9999005,0,0.0,0.0,5825149.0,1651725.0,4194108.0,4153173.0,0.0,0.0,0.0,12082841
80,81,0,9997214,0,3742375.0,0.0,2082774.0,0.0,0.0,14150387.0,0.0,0.0,0.0,12082841
81,82,0,0,10000067,2082774.0,0.0,0.0,0.0,0.0,14150387.0,10000067.0,0.0,0.0,12082841
82,83,0,10003541,0,0.0,0.0,0.0,0.0,0.0,24153928.0,0.0,0.0,0.0,12082841
83,84,0,0,0,0.0,0.0,0.0,0.0,0.0,24153928.0,0.0,0.0,0.0,12082841
84,85,10001925,0,0,7920172.0,0.0,2081753.0,4162669.0,0.0,19991259.0,0.0,0.0,0.0,12082841
85,86,0,0,0,2081753.0,0.0,0.0,0.0,0.0,19991259.0,0.0,0.0,0.0,12082841
86,87,0,0,9999324,0.0,0.0,0.0,2083514.0,0.0,17907745.0,9999324.0,0.0,0.0,12082841
87,88,0,0,0,0.0,0.0,0.0,0.0,0.0,17907745.0,0.0,0.0,0.0,12082841
88,89,0,0,0,0.0,0.0,0.0,0.0,0.0,17907745.0,0.0,0.0,0.0,12082841
89,90,0,0,0,0.0,0.0,0.0,0.0,0.0,17907745.0,0.0,0.0,0.0,12082841
90,91,0,0,10004704,0.0,0.0,0.0,0.0,0.0,17907745.0,9991313.0,0.0,13391.0,12082841
91,92,0,0,0,0.0,0.0,0.0,0.0,0.0,17907745.0,0.0,13391.0,0.0,12082841
92,93,0,0,0,0.0,0.0,0.0,0.0,0.0,17907745.0,0.0,0.0,0.0,12082841
93,94,0,0,0,0.0,0.0,0.0,7912296.0,0.0,9995449.0,0.0,0.0,0.0,12082841
94,95,0,0,10000697,0.0,0.0,0.0,0.0,2082142.0,7913307.0,5831407.0,4169290.0,0.0,12082841
95,96,0,0,9995701,0.0,0.0,0.0,0.0,7913297.0,10.0,4169541.0,0.0,5826160.0,12082841
96,97,0,0,0,0.0,0.0,0.0,0.0,0.0,10.0,5826160.0,0.0,0.0,12082841
97,98,0,0,10000759,0.0,0.0,0.0,0.0,0.0,10.0,4176263.0,5816306.0,8190.0,12082841
98,99,9997265,0,0,0.0,9997265.0,0.0,0.0,0.0,10.0,0.0,0.0,8190.0,12082841
99,100,0,0,0,0.0,0.0,0.0,0.0,0.0,10.0,0.0,0.0,8190.0,12082841
100,101,0,0,0,0.0,0.0,0.0,0.0,0.0,10.0,0.0,0.0,8190.0,12082841
101,102,9998895,0,0,6256520.0,3742375.0,0.0,0.0,0.0,10.0,0.0,0.0,8190.0,12082841
102,103,9998053,0,9998635,0.0,2082774.0,7915279.0,0.0,4.0,6.0,0.0,0.0,10006825.0,12082841
103,104,9999064,0,0,0.0,0.0,17914343.0,4.0,0.0,2.0,0.0,10003329.0,3496.0,12082841
104,105,0,0,0,0.0,0.0,17914343.0,0.0,0.0,2.0,0.0,0.0,3496.0,12082841
105,106,0,0,0,0.0,7920172.0,9994171.0,0.0,2.0,0.0,0.0,0.0,3496.0,12082841
106,107,0,9996915,0,1655898.0,2081753.0,6256520.0,8345189.0,0.0,1651726.0,0.0,0.0,3496.0,12082841
107,108,0,0,9999153,0.0,0.0,6256520.0,0.0,1651725.0,1.0,0.0,0.0,10002649.0,12082841
108,109,0,0,0,0.0,0.0,6256520.0,0.0,0.0,1.0,0.0,0.0,10002649.0,12082841
109,110,0,0,0,0.0,0.0,6256520.0,0.0,0.0,1.0,0.0,0.0,10002649.0,12082841
110,111,0,0,0,0.0,0.0,6256520.0,1.0,0.0,0.0,0.0,10001616.0,1033.0,12082841
111,112,0,0,0,0.0,0.0,6256520.0,0.0,0.0,0.0,0.0,0.0,1033.0,12082841
112,113,0,9998424,0,0.0,0.0,6256520.0,5835753.0,4162669.0,2.0,0.0,0.0,1033.0,12082841
113,114,0,0,0,0.0,0.0,6256520.0,1.0,0.0,1.0,0.0,0.0,1033.0,12082841
114,115,0,9995619,0,0.0,0.0,6256520.0,7912104.0,2083514.0,2.0,0.0,0.0,1033.0,12082841
115,116,0,0,0,0.0,0.0,6256520.0,0.0,0.0,2.0,0.0,0.0,1033.0,12082841
116,117,0,0,0,0.0,0.0,6256520.0,0.0,0.0,2.0,0.0,0.0,1033.0,12082841
117,118,0,0,0,0.0,0.0,6256520.0,2.0,0.0,0.0,0.0,0.0,1033.0,12082841
118,119,0,0,0,0.0,0.0,6256520.0,0.0,0.0,0.0,0.0,0.0,1033.0,12082841
119,120,0,0,0,0.0,0.0,6256520.0,0.0,0.0,0.0,0.0,0.0,1033.0,12082841
120,121,0,0,0,0.0,0.0,6256520.0,0.0,0.0,0.0,0.0,0.0,1033.0,12082841
121,122,0,10001347,0,0.0,0.0,6256520.0,0.0,7912296.0,2089051.0,0.0,0.0,1033.0,12082841
122,123,0,0,0,0.0,6256520.0,0.0,0.0,0.0,2089051.0,0.0,0.0,1033.0,12082841
123,124,0,0,10004153,0.0,0.0,0.0,2089048.0,0.0,3.0,0.0,9993793.0,11393.0,12082841
124,125,0,0,0,0.0,0.0,0.0,0.0,0.0,3.0,0.0,0.0,11393.0,12082841
125,126,0,0,0,0.0,0.0,0.0,0.0,0.0,3.0,0.0,11393.0,0.0,12082841
126,127,0,0,9995514,0.0,0.0,0.0,0.0,0.0,3.0,0.0,9990830.0,4684.0,12082841
127,128,9998278,0,10000930,0.0,1655898.0,8342380.0,2.0,0.0,1.0,0.0,0.0,10005614.0,12082841
128,129,0,0,0,0.0,0.0,8342380.0,0.0,0.0,1.0,0.0,0.0,10005614.0,12082841
129,130,0,0,0,0.0,0.0,8342380.0,0.0,0.0,1.0,0.0,0.0,10005614.0,12082841
130,131,0,0,0,0.0,0.0,8342380.0,0.0,0.0,1.0,0.0,0.0,10005614.0,12082841
131,132,0,10003835,0,8342380.0,0.0,0.0,2082774.0,4.0,7921058.0,0.0,0.0,10005614.0,12082841
132,133,0,0,0,0.0,0.0,0.0,7921058.0,0.0,0.0,0.0,0.0,10005614.0,12082841
133,134,0,10001771,10000289,0.0,0.0,0.0,2090324.0,0.0,7911447.0,0.0,9992514.0,10013389.0,12082841
134,135,0,9995080,0,0.0,0.0,0.0,3726134.0,8345189.0,5835204.0,0.0,11518.0,10001871.0,12082841
135,136,0,0,9996670,0.0,0.0,0.0,2086241.0,0.0,3748963.0,0.0,9996600.0,10001941.0,12082841
136,137,0,0,0,0.0,0.0,0.0,0.0,0.0,3748963.0,0.0,6083.0,9995858.0,12082841
137,138,0,0,10000050,0.0,0.0,0.0,0.0,0.0,3748963.0,0.0,0.0,19995908.0,12082841
138,139,0,9998898,0,0.0,0.0,0.0,0.0,1.0,13747860.0,0.0,0.0,19995908.0,12082841
139,140,0,0,0,0.0,0.0,0.0,0.0,0.0,13747860.0,0.0,0.0,19995908.0,12082841
140,141,0,0,0,0.0,0.0,0.0,0.0,5835753.0,7912107.0,0.0,6247086.0,13748822.0,12082841
141,142,0,0,0,0.0,0.0,0.0,0.0,1.0,7912106.0,0.0,3751000.0,9997822.0,12082841
142,143,0,0,0,0.0,0.0,0.0,0.0,7912104.0,2.0,0.0,0.0,9997822.0,12082841
143,144,0,0,0,0.0,0.0,0.0,0.0,0.0,2.0,0.0,0.0,9997822.0,12082841
144,145,0,0,0,0.0,0.0,0.0,0.0,0.0,2.0,0.0,0.0,9997822.0,12082841
145,146,10000709,0,0,10000709.0,0.0,0.0,0.0,2.0,0.0,0.0,0.0,9997822.0,12082841
146,147,9995343,0,0,9995343.0,0.0,0.0,0.0,0.0,0.0,0.0,0.0,9997822.0,12082841
147,148,0,0,0,0.0,0.0,0.0,0.0,0.0,0.0,0.0,0.0,9997822.0,12082841
148,149,0,0,0,0.0,0.0,0.0,0.0,0.0,0.0,0.0,0.0,9997822.0,12082841
149,150,0,0,0,0.0,0.0,0.0,0.0,0.0,0.0,0.0,0.0,9997822.0,12082841
150,151,0,0,0,0.0,0.0,0.0,0.0,0.0,0.0,0.0,0.0,9997822.0,12082841
151,152,0,9994431,0,0.0,0.0,0.0,1.0,2089048.0,7905382.0,0.0,0.0,9997822.0,12082841
152,153,9998007,0,0,831176.0,8342380.0,824451.0,0.0,0.0,7905382.0,0.0,0.0,9997822.0,12082841
153,154,0,0,9999880,0.0,0.0,824451.0,0.0,0.0,7905382.0,0.0,9999526.0,9998176.0,12082841
154,155,0,0,0,0.0,0.0,824451.0,0.0,0.0,7905382.0,0.0,0.0,9998176.0,12082841
155,156,0,0,0,0.0,0.0,824451.0,0.0,2.0,7905380.0,0.0,0.0,9998176.0,12082841
156,157,9998600,0,9995063,0.0,0.0,10823051.0,0.0,0.0,7905380.0,0.0,0.0,19993239.0,12082841
157,158,0,0,0,0.0,0.0,10823051.0,0.0,0.0,7905380.0,0.0,0.0,19993239.0,12082841
158,159,0,0,0,0.0,0.0,10823051.0,0.0,0.0,7905380.0,0.0,0.0,19993239.0,12082841
159,160,0,10001153,0,0.0,0.0,10823051.0,0.0,2082774.0,15823759.0,0.0,10000067.0,9993172.0,12082841
160,161,0,0,9997465,0.0,0.0,10823051.0,0.0,7921058.0,7902701.0,0.0,0.0,19990637.0,12082841
161,162,0,0,0,0.0,0.0,10823051.0,0.0,2090324.0,5812377.0,0.0,0.0,19990637.0,12082841
162,163,0,0,0,0.0,0.0,10823051.0,0.0,3726134.0,2086243.0,0.0,0.0,19990637.0,12082841
163,164,0,0,0,0.0,0.0,10823051.0,0.0,2086241.0,2.0,0.0,0.0,19990637.0,12082841
164,165,0,0,0,0.0,0.0,10823051.0,0.0,0.0,2.0,0.0,9999324.0,9991313.0,12082841
165,166,0,0,0,0.0,0.0,10823051.0,0.0,0.0,2.0,0.0,0.0,9991313.0,12082841
166,167,0,0,0,0.0,10000709.0,822342.0,0.0,0.0,2.0,0.0,0.0,9991313.0,12082841
167,168,10004177,0,0,0.0,9995343.0,831176.0,0.0,0.0,2.0,0.0,0.0,9991313.0,12082841
168,169,0,0,0,0.0,0.0,831176.0,0.0,0.0,2.0,0.0,9991313.0,0.0,12082841
169,170,0,0,0,0.0,0.0,831176.0,0.0,0.0,2.0,0.0,0.0,0.0,12082841
170,171,0,0,0,0.0,0.0,831176.0,0.0,0.0,2.0,0.0,0.0,0.0,12082841
171,172,0,0,0,0.0,0.0,831176.0,0.0,0.0,2.0,0.0,0.0,0.0,12082841
172,173,0,0,10000948,0.0,0.0,831176.0,0.0,0.0,2.0,0.0,5831407.0,4169541.0,12082841
173,174,0,0,0,0.0,831176.0,0.0,0.0,0.0,2.0,0.0,4169541.0,0.0,12082841
174,175,0,0,10002423,0.0,0.0,0.0,0.0,0.0,2.0,0.0,5826160.0,4176263.0,12082841
175,176,0,0,0,0.0,0.0,0.0,0.0,0.0,2.0,0.0,4176263.0,0.0,12082841
176,177,0,0,0,0.0,0.0,0.0,0.0,0.0,2.0,0.0,0.0,0.0,12082841
177,178,0,0,0,0.0,0.0,0.0,0.0,0.0,2.0,0.0,0.0,0.0,12082841
178,179,0,0,0,0.0,0.0,0.0,0.0,0.0,2.0,0.0,0.0,0.0,12082841
179,180,0,0,0,0.0,0.0,0.0,0.0,1.0,1.0,0.0,0.0,0.0,12082841
