,instance,arrival_pfizer,arrival_moderna,arrival_astrazeneca,first_doses_Pfizer,second_doses_Pfizer,stock_values_Pfizer,first_doses_Moderna,second_doses_Moderna,stock_values_Moderna,first_doses_Astrazeneca,second_doses_Astrazeneca,stock_values_Astrazeneca,capacity
0,1,0,10002102,0,0.0,0.0,0.0,9961.0,0.0,9992141.0,0.0,0.0,0.0,11667180
1,2,0,0,0,0.0,0.0,0.0,0.0,0.0,9992141.0,0.0,0.0,0.0,11667180
2,3,10000276,0,0,4990216.0,0.0,5010060.0,0.0,0.0,9992141.0,0.0,0.0,0.0,11667180
3,4,0,9998069,0,2.0,0.0,5010058.0,0.0,0.0,19990210.0,0.0,0.0,0.0,11667180
4,5,0,0,0,2.0,0.0,5010056.0,9991728.0,0.0,9998482.0,0.0,0.0,0.0,11667180
5,6,0,0,0,1676932.0,0.0,3333124.0,0.0,0.0,9998482.0,0.0,0.0,0.0,11667180
6,7,0,0,0,3333124.0,0.0,0.0,0.0,0.0,9998482.0,0.0,0.0,0.0,11667180
7,8,0,0,0,0.0,0.0,0.0,9996515.0,0.0,1967.0,0.0,0.0,0.0,11667180
8,9,0,0,0,0.0,0.0,0.0,0.0,0.0,1967.0,0.0,0.0,0.0,11667180
9,10,0,0,0,0.0,0.0,0.0,0.0,0.0,1967.0,0.0,0.0,0.0,11667180
10,11,9997008,0,0,9997008.0,0.0,0.0,0.0,0.0,1967.0,0.0,0.0,0.0,11667180
11,12,0,0,0,0.0,0.0,0.0,0.0,0.0,1967.0,0.0,0.0,0.0,11667180
12,13,0,0,0,0.0,0.0,0.0,0.0,0.0,1967.0,0.0,0.0,0.0,11667180
13,14,0,0,0,0.0,0.0,0.0,0.0,0.0,1967.0,0.0,0.0,0.0,11667180
14,15,0,0,0,0.0,0.0,0.0,0.0,0.0,1967.0,0.0,0.0,0.0,11667180
15,16,0,0,0,0.0,0.0,0.0,1967.0,0.0,0.0,0.0,0.0,0.0,11667180
16,17,0,10002774,0,0.0,0.0,0.0,10002774.0,0.0,0.0,0.0,0.0,0.0,11667180
17,18,0,10000598,0,0.0,0.0,0.0,10000598.0,0.0,0.0,0.0,0.0,0.0,11667180
18,19,0,0,0,0.0,0.0,0.0,0.0,0.0,0.0,0.0,0.0,0.0,11667180
19,20,9992329,0,0,9992326.0,0.0,3.0,0.0,0.0,0.0,0.0,0.0,0.0,11667180
20,21,9995414,0,0,9995414.0,0.0,3.0,0.0,0.0,0.0,0.0,0.0,0.0,11667180
21,22,9999920,0,0,5009703.0,0.0,4990220.0,0.0,0.0,0.0,0.0,0.0,0.0,11667180
22,23,0,0,0,0.0,0.0,4990220.0,0.0,0.0,0.0,0.0,0.0,0.0,11667180
23,24,0,0,0,0.0,4990216.0,4.0,0.0,0.0,0.0,0.0,0.0,0.0,11667180
24,25,0,0,0,0.0,2.0,2.0,0.0,0.0,0.0,0.0,0.0,0.0,11667180
25,26,0,0,9996865,0.0,2.0,0.0,0.0,0.0,0.0,0.0,0.0,9996865.0,11667180
26,27,9998113,10000207,10002049,0.0,1676932.0,8321181.0,9990246.0,0.0,9961.0,0.0,0.0,19998914.0,11667180
27,28,0,0,0,0.0,3333124.0,4988057.0,0.0,0.0,9961.0,0.0,0.0,19998914.0,11667180
28,29,0,0,0,0.0,0.0,4988057.0,0.0,9961.0,0.0,0.0,0.0,19998914.0,11667180
29,30,10001561,0,0,1.0,0.0,14989617.0,0.0,0.0,0.0,9999832.0,0.0,9999082.0,11667180
30,31,0,0,0,0.0,0.0,14989617.0,0.0,0.0,0.0,0.0,0.0,9999082.0,11667180
31,32,0,0,0,0.0,9997008.0,4992609.0,0.0,0.0,0.0,0.0,0.0,9999082.0,11667180
32,33,0,9991728,0,0.0,0.0,4992609.0,0.0,9991728.0,0.0,0.0,0.0,9999082.0,11667180
33,34,0,0,0,2.0,0.0,4992607.0,0.0,0.0,0.0,3339170.0,0.0,6659912.0,11667180
34,35,0,0,0,0.0,0.0,4992607.0,0.0,0.0,0.0,6659912.0,0.0,0.0,11667180
35,36,10003422,9996515,0,1.0,0.0,14996028.0,0.0,9996515.0,0.0,0.0,0.0,0.0,11667180
36,37,0,0,9997973,0.0,0.0,14996028.0,0.0,0.0,0.0,9997973.0,0.0,0.0,11667180
37,38,0,0,0,2.0,0.0,14996026.0,0.0,0.0,0.0,0.0,0.0,0.0,11667180
38,39,0,0,0,0.0,0.0,14996026.0,0.0,0.0,0.0,0.0,0.0,0.0,11667180
39,40,10001424,0,0,0.0,0.0,24997450.0,0.0,0.0,0.0,0.0,0.0,0.0,11667180
40,41,0,0,0,0.0,9992326.0,15005124.0,0.0,0.0,0.0,0.0,0.0,0.0,11667180
41,42,0,0,0,0.0,9995414.0,5009710.0,0.0,0.0,0.0,0.0,0.0,0.0,11667180
42,43,0,0,0,0.0,5009703.0,7.0,0.0,0.0,0.0,0.0,0.0,0.0,11667180
43,44,0,10002492,0,0.0,0.0,7.0,0.0,1967.0,10000525.0,0.0,0.0,0.0,11667180
44,45,0,10002847,0,0.0,0.0,7.0,0.0,10002774.0,10000598.0,0.0,0.0,0.0,11667180
45,46,0,0,0,0.0,0.0,7.0,0.0,10000598.0,0.0,0.0,0.0,0.0,11667180
46,47,0,0,0,0.0,0.0,7.0,0.0,0.0,0.0,0.0,0.0,0.0,11667180
47,48,0,0,0,0.0,0.0,7.0,0.0,0.0,0.0,0.0,0.0,0.0,11667180
48,49,0,0,10004826,0.0,0.0,7.0,0.0,0.0,0.0,10004826.0,0.0,0.0,11667180
49,50,0,0,0,0.0,0.0,7.0,0.0,0.0,0.0,0.0,0.0,0.0,11667180
50,51,0,9997190,0,0.0,1.0,6.0,0.0,0.0,9997190.0,0.0,0.0,0.0,11667180
51,52,0,0,0,0.0,0.0,6.0,0.0,0.0,9997190.0,0.0,0.0,0.0,11667180
52,53,0,0,0,0.0,0.0,6.0,0.0,0.0,9997190.0,0.0,0.0,0.0,11667180
53,54,0,0,0,1.0,0.0,5.0,0.0,0.0,9997190.0,0.0,0.0,0.0,11667180
54,55,0,0,0,0.0,2.0,3.0,0.0,9990246.0,6944.0,0.0,0.0,0.0,11667180
55,56,0,0,0,0.0,0.0,3.0,6944.0,0.0,0.0,0.0,0.0,0.0,11667180
56,57,0,9993863,0,0.0,1.0,2.0,1663729.0,0.0,8330134.0,0.0,0.0,0.0,11667180
57,58,0,0,0,0.0,0.0,2.0,0.0,0.0,8330134.0,0.0,0.0,0.0,11667180
58,59,0,0,0,0.0,2.0,0.0,8330134.0,0.0,0.0,0.0,0.0,0.0,11667180
59,60,0,0,0,0.0,0.0,0.0,0.0,0.0,0.0,0.0,0.0,0.0,11667180
60,61,0,0,0,0.0,0.0,0.0,0.0,0.0,0.0,0.0,0.0,0.0,11667180
61,62,0,0,0,0.0,0.0,0.0,0.0,0.0,0.0,0.0,0.0,0.0,11667180
62,63,0,0,0,0.0,0.0,0.0,0.0,0.0,0.0,0.0,0.0,0.0,11667180
63,64,9999341,0,0,9999339.0,0.0,2.0,0.0,0.0,0.0,0.0,0.0,0.0,11667180
64,65,0,0,0,2.0,0.0,0.0,0.0,0.0,0.0,0.0,0.0,0.0,11667180
65,66,0,0,0,0.0,0.0,0.0,0.0,0.0,0.0,0.0,0.0,0.0,11667180
66,67,0,0,0,0.0,0.0,0.0,0.0,0.0,0.0,0.0,0.0,0.0,11667180
67,68,0,9998000,0,0.0,0.0,0.0,0.0,0.0,9998000.0,0.0,0.0,0.0,11667180
68,69,0,0,0,0.0,0.0,0.0,0.0,0.0,9998000.0,0.0,0.0,0.0,11667180
69,70,9996904,0,0,1664807.0,0.0,8332097.0,9994629.0,0.0,3371.0,0.0,0.0,0.0,11667180
70,71,0,0,10000835,4.0,0.0,8332093.0,3371.0,0.0,0.0,10000835.0,0.0,0.0,11667180
71,72,0,0,0,4983959.0,0.0,3348134.0,0.0,0.0,0.0,0.0,0.0,0.0,11667180
72,73,0,0,0,0.0,0.0,3348134.0,0.0,0.0,0.0,0.0,0.0,0.0,11667180
73,74,0,0,0,3348133.0,0.0,1.0,0.0,0.0,0.0,0.0,0.0,0.0,11667180
74,75,9999566,0,0,6654655.0,1.0,3344911.0,0.0,0.0,0.0,0.0,0.0,0.0,11667180
75,76,0,0,0,2.0,0.0,3344909.0,0.0,0.0,0.0,0.0,0.0,0.0,11667180
76,77,0,0,0,0.0,0.0,3344909.0,0.0,0.0,0.0,0.0,0.0,0.0,11667180
77,78,0,0,0,0.0,0.0,3344909.0,0.0,0.0,0.0,0.0,0.0,0.0,11667180
78,79,0,0,0,0.0,0.0,3344909.0,0.0,0.0,0.0,0.0,0.0,0.0,11667180
79,80,0,0,0,3344909.0,0.0,0.0,0.0,0.0,0.0,0.0,0.0,0.0,11667180
80,81,9999373,0,0,1670717.0,0.0,8328656.0,0.0,0.0,0.0,0.0,0.0,0.0,11667180
81,82,0,0,0,4986493.0,0.0,3342163.0,0.0,0.0,0.0,0.0,0.0,0.0,11667180
82,83,0,0,0,0.0,0.0,3342163.0,0.0,0.0,0.0,0.0,0.0,0.0,11667180
83,84,10007623,9998683,0,1.0,0.0,13349785.0,8328010.0,6944.0,1663729.0,0.0,0.0,0.0,11667180
84,85,0,0,0,0.0,9999339.0,3350446.0,0.0,1663729.0,0.0,0.0,0.0,0.0,11667180
85,86,0,0,0,0.0,2.0,3350444.0,0.0,0.0,0.0,0.0,0.0,0.0,11667180
86,87,0,9999341,0,0.0,0.0,3350444.0,1669207.0,8330134.0,0.0,0.0,0.0,0.0,11667180
87,88,10002237,0,0,10006888.0,0.0,3345793.0,0.0,0.0,0.0,0.0,0.0,0.0,11667180
88,89,0,0,0,0.0,0.0,3345793.0,0.0,0.0,0.0,0.0,0.0,0.0,11667180
89,90,0,0,0,0.0,0.0,3345793.0,0.0,0.0,0.0,0.0,0.0,0.0,11667180
90,91,0,0,10002373,0.0,1664807.0,1680986.0,0.0,0.0,0.0,10002373.0,0.0,0.0,11667180
91,92,0,0,0,1680982.0,4.0,0.0,0.0,0.0,0.0,0.0,0.0,0.0,11667180
92,93,9998807,0,0,5014844.0,4983959.0,4.0,0.0,0.0,0.0,0.0,0.0,0.0,11667180
93,94,0,0,0,0.0,0.0,4.0,0.0,0.0,0.0,0.0,0.0,0.0,11667180
94,95,10002786,0,0,0.0,3348133.0,6654657.0,0.0,0.0,0.0,0.0,0.0,0.0,11667180
95,96,0,0,0,0.0,6654655.0,2.0,0.0,0.0,0.0,0.0,0.0,0.0,11667180
96,97,0,0,0,0.0,2.0,0.0,0.0,0.0,0.0,0.0,0.0,0.0,11667180
97,98,0,10004230,0,0.0,0.0,0.0,9601.0,9994629.0,0.0,0.0,0.0,0.0,11667180
98,99,0,10000953,10001455,0.0,0.0,0.0,1662354.0,3371.0,8335228.0,10001455.0,0.0,0.0,11667180
99,100,0,0,0,0.0,0.0,0.0,8335228.0,0.0,0.0,0.0,0.0,0.0,11667180
100,101,10002123,0,0,0.0,3344909.0,6657214.0,0.0,0.0,0.0,0.0,0.0,0.0,11667180
101,102,0,9998581,0,0.0,1670717.0,4986497.0,9996463.0,0.0,2118.0,0.0,0.0,0.0,11667180
102,103,0,0,0,0.0,4986493.0,4.0,0.0,0.0,2118.0,0.0,0.0,0.0,11667180
103,104,0,0,0,0.0,0.0,4.0,0.0,0.0,2118.0,0.0,0.0,0.0,11667180
104,105,0,9998970,0,0.0,1.0,3.0,0.0,0.0,10001088.0,0.0,0.0,0.0,11667180
105,106,0,0,0,0.0,0.0,3.0,0.0,0.0,10001088.0,0.0,0.0,0.0,11667180
106,107,0,0,0,0.0,0.0,3.0,0.0,0.0,10001088.0,0.0,0.0,0.0,11667180
107,108,0,0,9999832,0.0,0.0,3.0,0.0,0.0,10001088.0,0.0,9999832.0,0.0,11667180
108,109,10006890,0,0,2.0,10006888.0,3.0,0.0,0.0,10001088.0,0.0,0.0,0.0,11667180
109,110,0,0,0,0.0,0.0,3.0,0.0,0.0,10001088.0,0.0,0.0,0.0,11667180
110,111,0,0,0,0.0,0.0,3.0,0.0,0.0,10001088.0,0.0,0.0,0.0,11667180
111,112,0,0,10004502,0.0,0.0,3.0,0.0,8328010.0,1673078.0,0.0,3339170.0,6665332.0,11667180
112,113,10004093,0,10001455,0.0,1680982.0,8323114.0,0.0,0.0,1673078.0,0.0,6659912.0,10006875.0,11667180
113,114,0,0,0,0.0,5014844.0,3308270.0,0.0,0.0,1673078.0,0.0,0.0,10006875.0,11667180
114,115,0,10000736,0,0.0,0.0,3308270.0,0.0,1669207.0,10004607.0,0.0,9997973.0,8902.0,11667180
115,116,0,0,0,0.0,0.0,3308270.0,0.0,0.0,10004607.0,0.0,0.0,8902.0,11667180
116,117,0,0,9998331,0.0,0.0,3308270.0,0.0,0.0,10004607.0,0.0,0.0,10007233.0,11667180
117,118,0,0,0,1641089.0,0.0,1667181.0,0.0,0.0,10004607.0,0.0,0.0,10007233.0,11667180
118,119,0,0,0,0.0,0.0,1667181.0,0.0,0.0,10004607.0,0.0,0.0,10007233.0,11667180
119,120,0,0,0,2.0,0.0,1667179.0,0.0,0.0,10004607.0,0.0,0.0,10007233.0,11667180
120,121,0,0,0,0.0,0.0,1667179.0,0.0,0.0,10004607.0,0.0,0.0,10007233.0,11667180
121,122,0,0,0,0.0,0.0,1667179.0,0.0,0.0,10004607.0,0.0,0.0,10007233.0,11667180
122,123,0,0,0,0.0,0.0,1667179.0,0.0,0.0,10004607.0,0.0,0.0,10007233.0,11667180
123,124,0,10001589,0,0.0,0.0,1667179.0,0.0,0.0,20006196.0,0.0,0.0,10007233.0,11667180
124,125,0,10001295,0,0.0,0.0,1667179.0,0.0,0.0,30007491.0,0.0,0.0,10007233.0,11667180
125,126,0,0,0,3.0,0.0,1667176.0,0.0,9601.0,29997890.0,0.0,0.0,10007233.0,11667180
126,127,10000004,0,0,0.0,0.0,11667180.0,0.0,1662354.0,28335536.0,0.0,10004826.0,2407.0,11667180
127,128,0,9998962,0,0.0,0.0,11667180.0,0.0,8335228.0,29999270.0,0.0,0.0,2407.0,11667180
128,129,0,0,0,11667175.0,0.0,5.0,0.0,0.0,29999270.0,0.0,0.0,2407.0,11667180
129,130,0,0,0,0.0,2.0,3.0,0.0,9996463.0,20002807.0,0.0,0.0,2407.0,11667180
130,131,9996089,0,9999973,3347044.0,0.0,6649048.0,0.0,0.0,20002807.0,0.0,0.0,10002380.0,11667180
131,132,0,0,0,0.0,0.0,6649048.0,0.0,0.0,20002807.0,0.0,0.0,10002380.0,11667180
132,133,0,0,0,6649048.0,0.0,0.0,0.0,0.0,20002807.0,0.0,0.0,10002380.0,11667180
133,134,0,0,0,0.0,0.0,0.0,0.0,0.0,20002807.0,0.0,0.0,10002380.0,11667180
134,135,0,0,0,0.0,0.0,0.0,0.0,0.0,20002807.0,0.0,0.0,10002380.0,11667180
135,136,0,0,0,0.0,0.0,0.0,0.0,0.0,20002807.0,0.0,0.0,10002380.0,11667180
136,137,10003464,0,0,10003461.0,0.0,3.0,0.0,0.0,20002807.0,0.0,0.0,10002380.0,11667180
137,138,0,0,0,0.0,0.0,3.0,9997503.0,0.0,10005304.0,0.0,0.0,10002380.0,11667180
138,139,10003158,0,10001354,8362070.0,1641089.0,2.0,0.0,0.0,10005304.0,0.0,0.0,20003734.0,11667180
139,140,0,0,0,0.0,0.0,2.0,0.0,0.0,10005304.0,0.0,0.0,20003734.0,11667180
140,141,0,0,0,0.0,2.0,0.0,0.0,0.0,10005304.0,0.0,0.0,20003734.0,11667180
141,142,0,0,0,0.0,0.0,0.0,0.0,0.0,10005304.0,0.0,0.0,20003734.0,11667180
142,143,9994145,0,0,9994143.0,0.0,2.0,0.0,0.0,10005304.0,0.0,0.0,20003734.0,11667180
143,144,0,0,0,2.0,0.0,0.0,0.0,0.0,10005304.0,0.0,0.0,20003734.0,11667180
144,145,0,0,0,0.0,0.0,0.0,0.0,0.0,10005304.0,0.0,0.0,20003734.0,11667180
145,146,0,0,0,0.0,0.0,0.0,0.0,0.0,10005304.0,0.0,0.0,20003734.0,11667180
146,147,10002919,10005709,0,3323344.0,3.0,6679572.0,8343833.0,0.0,11667180.0,0.0,0.0,20003734.0,11667180
147,148,0,0,0,0.0,0.0,6679572.0,11667180.0,0.0,0.0,0.0,0.0,20003734.0,11667180
148,149,0,0,9997244,1666344.0,0.0,5013228.0,0.0,0.0,0.0,0.0,10000835.0,20000143.0,11667180
149,150,10000997,0,0,1.0,11667175.0,3347049.0,0.0,0.0,0.0,0.0,0.0,20000143.0,11667180
150,151,0,0,0,1.0,0.0,3347048.0,0.0,0.0,0.0,0.0,0.0,20000143.0,11667180
151,152,0,0,10004607,1.0,3347044.0,3.0,0.0,0.0,0.0,0.0,0.0,30004750.0,11667180
152,153,0,0,0,0.0,0.0,3.0,0.0,0.0,0.0,0.0,0.0,30004750.0,11667180
153,154,10001135,0,0,0.0,6649048.0,3352090.0,0.0,0.0,0.0,0.0,0.0,30004750.0,11667180
154,155,9996732,0,0,0.0,0.0,13348822.0,0.0,0.0,0.0,0.0,0.0,30004750.0,11667180
155,156,0,0,0,0.0,0.0,13348822.0,0.0,0.0,0.0,0.0,0.0,30004750.0,11667180
156,157,0,0,0,0.0,0.0,13348822.0,0.0,0.0,0.0,0.0,0.0,30004750.0,11667180
157,158,0,0,0,0.0,10003461.0,3345361.0,0.0,0.0,0.0,0.0,0.0,30004750.0,11667180
158,159,10000284,0,0,1.0,0.0,13345644.0,0.0,0.0,0.0,0.0,0.0,30004750.0,11667180
159,160,0,0,0,0.0,8362070.0,4983574.0,0.0,0.0,0.0,0.0,0.0,30004750.0,11667180
160,161,0,0,0,0.0,0.0,4983574.0,0.0,0.0,0.0,0.0,0.0,30004750.0,11667180
161,162,0,0,10003187,0.0,0.0,4983574.0,0.0,0.0,0.0,0.0,0.0,40007937.0,11667180
162,163,0,0,0,0.0,0.0,4983574.0,0.0,0.0,0.0,0.0,0.0,40007937.0,11667180
163,164,10000264,0,0,0.0,9994143.0,4989695.0,0.0,0.0,0.0,0.0,0.0,40007937.0,11667180
164,165,0,0,0,0.0,2.0,4989693.0,0.0,0.0,0.0,0.0,0.0,40007937.0,11667180
165,166,0,9997503,0,0.0,0.0,4989693.0,0.0,9997503.0,0.0,0.0,0.0,40007937.0,11667180
166,167,0,0,0,0.0,0.0,4989693.0,0.0,0.0,0.0,0.0,0.0,40007937.0,11667180
167,168,0,0,0,0.0,3323344.0,1666349.0,0.0,0.0,0.0,0.0,0.0,40007937.0,11667180
168,169,0,0,0,0.0,0.0,1666349.0,0.0,0.0,0.0,0.0,10002373.0,30005564.0,11667180
169,170,0,0,0,0.0,1666344.0,5.0,0.0,0.0,0.0,0.0,0.0,30005564.0,11667180
170,171,0,0,0,0.0,1.0,4.0,0.0,0.0,0.0,0.0,0.0,30005564.0,11667180
171,172,0,0,0,0.0,1.0,3.0,0.0,0.0,0.0,0.0,0.0,30005564.0,11667180
172,173,0,0,9999465,0.0,1.0,2.0,0.0,0.0,0.0,0.0,0.0,40005029.0,11667180
173,174,0,0,0,0.0,0.0,2.0,0.0,0.0,0.0,0.0,0.0,40005029.0,11667180
174,175,0,10009599,10004330,0.0,0.0,2.0,0.0,8343833.0,1665766.0,0.0,0.0,50009359.0,11667180
175,176,0,10001414,0,0.0,0.0,2.0,0.0,11667180.0,0.0,0.0,0.0,50009359.0,11667180
176,177,0,0,0,0.0,0.0,2.0,0.0,0.0,0.0,0.0,10001455.0,40007904.0,11667180
177,178,0,0,0,0.0,0.0,2.0,0.0,0.0,0.0,0.0,0.0,40007904.0,11667180
178,179,0,0,0,0.0,0.0,2.0,0.0,0.0,0.0,0.0,0.0,40007904.0,11667180
179,180,0,0,0,0.0,1.0,1.0,0.0,0.0,0.0,0.0,0.0,40007904.0,11667180
