,instance,arrival_pfizer,arrival_moderna,arrival_astrazeneca,first_doses_Pfizer,second_doses_Pfizer,stock_values_Pfizer,first_doses_Moderna,second_doses_Moderna,stock_values_Moderna,first_doses_Astrazeneca,second_doses_Astrazeneca,stock_values_Astrazeneca,capacity
0,1,0,0,0,0.0,0.0,0.0,0.0,0.0,0.0,0.0,0.0,0.0,9861617
1,2,0,0,0,0.0,0.0,0.0,0.0,0.0,0.0,0.0,0.0,0.0,9861617
2,3,10001223,0,0,4860700.0,0.0,5140523.0,0.0,0.0,0.0,0.0,0.0,0.0,9861617
3,4,0,0,0,412697.0,0.0,4727826.0,0.0,0.0,0.0,0.0,0.0,0.0,9861617
4,5,0,0,0,0.0,0.0,4727826.0,0.0,0.0,0.0,0.0,0.0,0.0,9861617
5,6,0,0,0,4727825.0,0.0,1.0,0.0,0.0,0.0,0.0,0.0,0.0,9861617
6,7,0,0,10002064,0.0,0.0,1.0,0.0,0.0,0.0,9861617.0,0.0,140447.0,9861617
7,8,0,0,0,0.0,0.0,1.0,0.0,0.0,0.0,139925.0,0.0,522.0,9861617
8,9,0,0,0,0.0,0.0,1.0,0.0,0.0,0.0,522.0,0.0,0.0,9861617
9,10,9995536,0,0,4924255.0,0.0,5071282.0,0.0,0.0,0.0,0.0,0.0,0.0,9861617
10,11,0,0,0,0.0,0.0,5071282.0,0.0,0.0,0.0,0.0,0.0,0.0,9861617
11,12,0,0,0,0.0,0.0,5071282.0,0.0,0.0,0.0,0.0,0.0,0.0,9861617
12,13,0,0,0,0.0,0.0,5071282.0,0.0,0.0,0.0,0.0,0.0,0.0,9861617
13,14,0,0,0,0.0,0.0,5071282.0,0.0,0.0,0.0,0.0,0.0,0.0,9861617
14,15,0,0,0,0.0,0.0,5071282.0,0.0,0.0,0.0,0.0,0.0,0.0,9861617
15,16,0,10002702,0,0.0,0.0,5071282.0,138713.0,0.0,9863989.0,0.0,0.0,0.0,9861617
16,17,0,0,0,0.0,0.0,5071282.0,4860700.0,0.0,5003289.0,0.0,0.0,0.0,9861617
17,18,0,0,0,0.0,0.0,5071282.0,1.0,0.0,5003288.0,0.0,0.0,0.0,9861617
18,19,0,0,0,0.0,0.0,5071282.0,0.0,0.0,5003288.0,0.0,0.0,0.0,9861617
19,20,0,10006035,0,4449669.0,0.0,621613.0,0.0,0.0,15009323.0,0.0,0.0,0.0,9861617
20,21,0,0,0,621612.0,0.0,1.0,0.0,0.0,15009323.0,0.0,0.0,0.0,9861617
21,22,0,0,0,1.0,0.0,0.0,0.0,0.0,15009323.0,0.0,0.0,0.0,9861617
22,23,10000840,0,0,9722904.0,0.0,277936.0,138713.0,0.0,14870610.0,0.0,0.0,0.0,9861617
23,24,9996379,0,0,5000917.0,4860700.0,412698.0,0.0,0.0,14870610.0,0.0,0.0,0.0,9861617
24,25,0,0,0,0.0,412697.0,1.0,0.0,0.0,14870610.0,0.0,0.0,0.0,9861617
25,26,0,0,0,0.0,0.0,1.0,0.0,0.0,14870610.0,0.0,0.0,0.0,9861617
26,27,10001902,0,0,349822.0,4727825.0,4924256.0,0.0,0.0,14870610.0,0.0,0.0,0.0,9861617
27,28,0,0,10001541,0.0,0.0,4924256.0,0.0,0.0,14870610.0,9861617.0,0.0,139924.0,9861617
28,29,0,0,0,0.0,0.0,4924256.0,1.0,0.0,14870609.0,139924.0,0.0,0.0,9861617
29,30,0,0,0,0.0,0.0,4924256.0,276252.0,0.0,14594357.0,0.0,0.0,0.0,9861617
30,31,0,0,0,0.0,4924255.0,1.0,0.0,0.0,14594357.0,0.0,0.0,0.0,9861617
31,32,0,0,0,0.0,0.0,1.0,9442930.0,0.0,5151427.0,0.0,0.0,0.0,9861617
32,33,0,0,0,0.0,0.0,1.0,5151427.0,0.0,0.0,0.0,0.0,0.0,9861617
33,34,0,9998294,0,0.0,0.0,1.0,4994234.0,0.0,5004060.0,0.0,0.0,0.0,9861617
34,35,0,0,0,0.0,0.0,1.0,0.0,0.0,5004060.0,0.0,0.0,0.0,9861617
35,36,0,0,10001998,0.0,0.0,1.0,0.0,0.0,5004060.0,9720487.0,0.0,281511.0,9861617
36,37,0,0,0,0.0,0.0,1.0,5004060.0,0.0,0.0,281511.0,0.0,0.0,9861617
37,38,0,0,10001910,0.0,0.0,1.0,0.0,0.0,0.0,9861617.0,0.0,140293.0,9861617
38,39,0,10000336,0,0.0,0.0,1.0,9802339.0,0.0,197997.0,59278.0,0.0,81015.0,9861617
39,40,0,0,9999484,0.0,0.0,1.0,197996.0,0.0,1.0,9663621.0,0.0,416878.0,9861617
40,41,9998429,10002180,10001218,0.0,4449669.0,5548761.0,0.0,0.0,10002181.0,5411948.0,0.0,5006148.0,9861617
41,42,0,0,0,0.0,621612.0,4927149.0,5002767.0,0.0,4999414.0,0.0,0.0,5006148.0,9861617
42,43,10004990,0,0,0.0,1.0,14932138.0,0.0,0.0,4999414.0,0.0,0.0,5006148.0,9861617
43,44,0,0,0,0.0,9722904.0,5209234.0,0.0,138713.0,4860701.0,0.0,0.0,5006148.0,9861617
44,45,0,0,0,0.0,5000917.0,208317.0,0.0,4860700.0,1.0,0.0,0.0,5006148.0,9861617
45,46,0,0,10002352,1.0,0.0,208316.0,0.0,1.0,0.0,0.0,0.0,15008500.0,9861617
46,47,10002246,0,0,0.0,0.0,10210562.0,0.0,0.0,0.0,0.0,0.0,15008500.0,9861617
47,48,0,0,0,0.0,349822.0,9860740.0,0.0,0.0,0.0,0.0,0.0,15008500.0,9861617
48,49,0,0,10001376,0.0,0.0,9860740.0,0.0,0.0,0.0,0.0,0.0,25009876.0,9861617
49,50,0,0,0,0.0,0.0,9860740.0,0.0,0.0,0.0,0.0,0.0,25009876.0,9861617
50,51,0,9998258,0,0.0,0.0,9860740.0,9722904.0,138713.0,136641.0,0.0,0.0,25009876.0,9861617
51,52,0,0,0,9724976.0,0.0,135764.0,136641.0,0.0,0.0,0.0,0.0,25009876.0,9861617
52,53,9998111,0,9997352,272260.0,0.0,9861615.0,0.0,0.0,0.0,0.0,0.0,35007228.0,9861617
53,54,0,0,0,9861615.0,0.0,0.0,0.0,0.0,0.0,0.0,0.0,35007228.0,9861617
54,55,9997963,0,0,9861617.0,0.0,136346.0,0.0,0.0,0.0,0.0,0.0,35007228.0,9861617
55,56,0,10001525,0,136346.0,0.0,0.0,9725271.0,0.0,276254.0,0.0,0.0,35007228.0,9861617
56,57,10000330,0,0,9861616.0,0.0,138714.0,0.0,1.0,276253.0,0.0,0.0,35007228.0,9861617
57,58,0,0,0,138712.0,0.0,2.0,0.0,276252.0,1.0,0.0,0.0,35007228.0,9861617
58,59,0,0,0,0.0,0.0,2.0,0.0,0.0,1.0,0.0,0.0,35007228.0,9861617
59,60,0,10007424,0,0.0,0.0,2.0,418687.0,9442930.0,145808.0,0.0,0.0,35007228.0,9861617
60,61,0,9999854,0,0.0,0.0,2.0,0.0,5151427.0,4994235.0,0.0,0.0,35007228.0,9861617
61,62,0,0,0,0.0,0.0,2.0,0.0,4994234.0,1.0,0.0,0.0,35007228.0,9861617
62,63,0,0,0,1.0,0.0,1.0,0.0,0.0,1.0,0.0,0.0,35007228.0,9861617
63,64,0,0,0,0.0,0.0,1.0,0.0,0.0,1.0,9861617.0,0.0,25145611.0,9861617
64,65,0,10005056,0,0.0,0.0,1.0,4721330.0,5004060.0,279667.0,136227.0,0.0,25009384.0,9861617
65,66,0,10001347,0,0.0,0.0,1.0,478675.0,0.0,9802339.0,0.0,0.0,25009384.0,9861617
66,67,0,0,0,0.0,1.0,0.0,0.0,9802339.0,0.0,0.0,0.0,25009384.0,9861617
67,68,0,9997349,0,0.0,0.0,0.0,4796586.0,197996.0,5002767.0,0.0,0.0,25009384.0,9861617
68,69,0,0,0,0.0,0.0,0.0,0.0,0.0,5002767.0,0.0,0.0,25009384.0,9861617
69,70,0,0,0,0.0,0.0,0.0,0.0,5002767.0,0.0,0.0,0.0,25009384.0,9861617
70,71,0,0,0,0.0,0.0,0.0,0.0,0.0,0.0,0.0,0.0,25009384.0,9861617
71,72,0,10000135,0,0.0,0.0,0.0,0.0,0.0,10000135.0,0.0,0.0,25009384.0,9861617
72,73,9997237,0,0,1.0,9724976.0,272260.0,0.0,0.0,10000135.0,86512.0,0.0,24922872.0,9861617
73,74,0,0,0,0.0,272260.0,0.0,0.0,0.0,10000135.0,9589355.0,0.0,15333517.0,9861617
74,75,10002170,0,0,0.0,9861615.0,140555.0,0.0,0.0,10000135.0,0.0,0.0,15333517.0,9861617
75,76,10000288,0,0,0.0,9861617.0,279226.0,0.0,0.0,10000135.0,0.0,0.0,15333517.0,9861617
76,77,0,10003368,0,0.0,136346.0,142880.0,0.0,0.0,20003503.0,324179.0,0.0,15009338.0,9861617
77,78,9999254,0,0,0.0,9861616.0,280518.0,0.0,0.0,20003503.0,0.0,0.0,15009338.0,9861617
78,79,0,0,10003202,0.0,138712.0,141806.0,0.0,9722904.0,10280599.0,0.0,0.0,25012540.0,9861617
79,80,0,0,0,87122.0,0.0,54684.0,0.0,136641.0,10143958.0,0.0,0.0,25012540.0,9861617
80,81,0,0,9995949,0.0,0.0,54684.0,0.0,0.0,10143958.0,9861617.0,0.0,25146872.0,9861617
81,82,0,0,9998897,2.0,0.0,54682.0,0.0,0.0,10143958.0,136937.0,0.0,35008832.0,9861617
82,83,0,0,0,0.0,0.0,54682.0,0.0,0.0,10143958.0,0.0,0.0,35008832.0,9861617
83,84,0,0,0,1.0,1.0,54680.0,0.0,9725271.0,418687.0,0.0,0.0,35008832.0,9861617
84,85,10000415,0,0,0.0,0.0,10055095.0,0.0,0.0,418687.0,0.0,9861617.0,25147215.0,9861617
85,86,10007487,0,0,9721692.0,0.0,10340890.0,0.0,0.0,418687.0,0.0,139925.0,25007290.0,9861617
86,87,0,0,0,9861092.0,0.0,479798.0,0.0,0.0,418687.0,0.0,522.0,25006768.0,9861617
87,88,0,0,0,419305.0,0.0,60493.0,0.0,418687.0,0.0,0.0,0.0,25006768.0,9861617
88,89,0,0,9998716,0.0,0.0,60493.0,0.0,0.0,0.0,1.0,0.0,35005483.0,9861617
89,90,0,0,0,0.0,0.0,60493.0,0.0,0.0,0.0,0.0,0.0,35005483.0,9861617
90,91,0,9997821,0,0.0,0.0,60493.0,0.0,0.0,9997821.0,0.0,0.0,35005483.0,9861617
91,92,0,0,0,0.0,0.0,60493.0,0.0,0.0,9997821.0,0.0,0.0,35005483.0,9861617
92,93,0,0,0,0.0,0.0,60493.0,0.0,4721330.0,5276491.0,0.0,0.0,35005483.0,9861617
93,94,0,0,0,880.0,1.0,59612.0,0.0,478675.0,4797816.0,0.0,0.0,35005483.0,9861617
94,95,0,0,0,0.0,0.0,59612.0,0.0,0.0,4797816.0,0.0,0.0,35005483.0,9861617
95,96,0,10000868,0,0.0,0.0,59612.0,0.0,4796586.0,10002098.0,0.0,0.0,35005483.0,9861617
96,97,0,0,0,59610.0,0.0,2.0,0.0,0.0,10002098.0,0.0,0.0,35005483.0,9861617
97,98,0,0,0,0.0,0.0,2.0,0.0,0.0,10002098.0,0.0,0.0,35005483.0,9861617
98,99,0,0,0,0.0,0.0,2.0,0.0,0.0,10002098.0,0.0,0.0,35005483.0,9861617
99,100,0,0,9994520,0.0,0.0,2.0,0.0,0.0,10002098.0,0.0,0.0,45000003.0,9861617
100,101,10001932,0,0,9774495.0,87122.0,140317.0,0.0,0.0,10002098.0,0.0,0.0,45000003.0,9861617
101,102,0,0,0,140314.0,0.0,3.0,0.0,0.0,10002098.0,0.0,0.0,45000003.0,9861617
102,103,0,0,0,0.0,2.0,1.0,0.0,0.0,10002098.0,0.0,0.0,45000003.0,9861617
103,104,0,0,0,0.0,0.0,1.0,0.0,0.0,10002098.0,0.0,0.0,45000003.0,9861617
104,105,0,0,0,0.0,1.0,0.0,0.0,0.0,10002098.0,0.0,0.0,45000003.0,9861617
105,106,0,0,0,0.0,0.0,0.0,0.0,0.0,10002098.0,0.0,9861617.0,35138386.0,9861617
106,107,9998187,0,0,0.0,9721692.0,276495.0,0.0,0.0,10002098.0,0.0,139924.0,34998462.0,9861617
107,108,10004428,0,0,525.0,9861092.0,419306.0,0.0,0.0,10002098.0,0.0,0.0,34998462.0,9861617
108,109,0,0,0,1.0,419305.0,0.0,0.0,0.0,10002098.0,0.0,0.0,34998462.0,9861617
109,110,0,0,0,0.0,0.0,0.0,0.0,0.0,10002098.0,0.0,0.0,34998462.0,9861617
110,111,0,0,0,0.0,0.0,0.0,0.0,0.0,10002098.0,0.0,0.0,34998462.0,9861617
111,112,0,0,0,0.0,0.0,0.0,0.0,0.0,10002098.0,0.0,0.0,34998462.0,9861617
112,113,10003627,0,0,9861617.0,0.0,142010.0,0.0,0.0,10002098.0,0.0,0.0,34998462.0,9861617
113,114,0,0,0,141130.0,0.0,880.0,0.0,0.0,10002098.0,0.0,9720487.0,25277975.0,9861617
114,115,0,0,0,0.0,880.0,0.0,0.0,0.0,10002098.0,0.0,281511.0,24996464.0,9861617
115,116,9998886,0,0,0.0,0.0,9998886.0,0.0,0.0,10002098.0,0.0,9861617.0,15134847.0,9861617
116,117,0,0,0,9802339.0,0.0,196547.0,0.0,0.0,10002098.0,0.0,59278.0,15075569.0,9861617
117,118,0,0,0,136937.0,59610.0,0.0,0.0,0.0,10002098.0,0.0,9663621.0,5411948.0,9861617
118,119,10003302,0,0,0.0,0.0,10003302.0,0.0,0.0,10002098.0,0.0,5411948.0,0.0,9861617
119,120,0,0,0,0.0,0.0,10003302.0,0.0,0.0,10002098.0,0.0,0.0,0.0,9861617
120,121,0,10001361,0,0.0,0.0,10003302.0,0.0,0.0,20003459.0,0.0,0.0,0.0,9861617
121,122,0,0,0,0.0,9774495.0,228807.0,0.0,0.0,20003459.0,0.0,0.0,0.0,9861617
122,123,0,0,0,0.0,140314.0,88493.0,0.0,0.0,20003459.0,0.0,0.0,0.0,9861617
123,124,0,0,0,0.0,0.0,88493.0,0.0,0.0,20003459.0,0.0,0.0,0.0,9861617
124,125,0,0,0,0.0,0.0,88493.0,0.0,0.0,20003459.0,0.0,0.0,0.0,9861617
125,126,0,0,0,0.0,0.0,88493.0,0.0,0.0,20003459.0,0.0,0.0,0.0,9861617
126,127,0,0,0,0.0,0.0,88493.0,0.0,0.0,20003459.0,0.0,0.0,0.0,9861617
127,128,0,0,0,0.0,0.0,88493.0,9861617.0,0.0,10141842.0,0.0,0.0,0.0,9861617
128,129,0,0,0,0.0,525.0,87968.0,138197.0,0.0,10003645.0,0.0,0.0,0.0,9861617
129,130,0,0,0,0.0,1.0,87967.0,0.0,0.0,10003645.0,0.0,0.0,0.0,9861617
130,131,0,0,0,1.0,0.0,87966.0,0.0,0.0,10003645.0,0.0,0.0,0.0,9861617
131,132,0,0,0,0.0,0.0,87966.0,0.0,0.0,10003645.0,0.0,0.0,0.0,9861617
132,133,0,0,0,87966.0,0.0,0.0,0.0,0.0,10003645.0,0.0,0.0,0.0,9861617
133,134,10002747,0,0,0.0,9861617.0,141130.0,0.0,0.0,10003645.0,0.0,0.0,0.0,9861617
134,135,0,0,0,0.0,141130.0,0.0,0.0,0.0,10003645.0,0.0,0.0,0.0,9861617
135,136,0,0,0,0.0,0.0,0.0,9861617.0,0.0,142028.0,0.0,0.0,0.0,9861617
136,137,10004604,0,0,2.0,0.0,10004602.0,138114.0,0.0,3914.0,0.0,0.0,0.0,9861617
137,138,0,0,0,0.0,9802339.0,202263.0,0.0,0.0,3914.0,0.0,0.0,0.0,9861617
138,139,10005787,10000075,0,9724678.0,136937.0,346435.0,0.0,0.0,10003989.0,0.0,0.0,0.0,9861617
139,140,10003325,0,0,9861617.0,0.0,488143.0,0.0,0.0,10003989.0,0.0,0.0,0.0,9861617
140,141,0,0,0,488143.0,0.0,0.0,0.0,0.0,10003989.0,0.0,0.0,0.0,9861617
141,142,0,0,9997845,0.0,0.0,0.0,0.0,0.0,10003989.0,0.0,9861617.0,136228.0,9861617
142,143,0,0,0,0.0,0.0,0.0,0.0,0.0,10003989.0,0.0,136227.0,1.0,9861617
143,144,0,0,0,0.0,0.0,0.0,0.0,0.0,10003989.0,0.0,0.0,1.0,9861617
144,145,0,0,0,0.0,0.0,0.0,0.0,0.0,10003989.0,0.0,0.0,1.0,9861617
145,146,0,0,0,0.0,0.0,0.0,0.0,0.0,10003989.0,0.0,0.0,1.0,9861617
146,147,0,0,0,0.0,0.0,0.0,9861617.0,0.0,142372.0,0.0,0.0,1.0,9861617
147,148,0,0,0,0.0,0.0,0.0,142372.0,0.0,0.0,0.0,0.0,1.0,9861617
148,149,0,0,0,0.0,0.0,0.0,0.0,0.0,0.0,0.0,0.0,1.0,9861617
149,150,0,0,0,0.0,0.0,0.0,0.0,0.0,0.0,0.0,0.0,1.0,9861617
150,151,9998284,0,10000047,9775105.0,0.0,223179.0,0.0,0.0,0.0,0.0,86512.0,9913536.0,9861617
151,152,9998668,0,0,272261.0,1.0,9949585.0,0.0,0.0,0.0,0.0,9589355.0,324181.0,9861617
152,153,0,0,0,9861617.0,0.0,87968.0,0.0,0.0,0.0,0.0,0.0,324181.0,9861617
153,154,0,0,0,0.0,87966.0,2.0,0.0,0.0,0.0,0.0,0.0,324181.0,9861617
154,155,0,0,0,0.0,0.0,2.0,0.0,0.0,0.0,0.0,324179.0,2.0,9861617
155,156,0,9999815,0,0.0,0.0,2.0,0.0,9861617.0,138198.0,0.0,0.0,2.0,9861617
156,157,0,0,0,0.0,0.0,2.0,0.0,138197.0,1.0,0.0,0.0,2.0,9861617
157,158,0,0,0,0.0,2.0,0.0,0.0,0.0,1.0,0.0,0.0,2.0,9861617
158,159,0,0,9998554,0.0,0.0,0.0,0.0,0.0,1.0,0.0,9861617.0,136939.0,9861617
159,160,9998019,0,0,0.0,9724678.0,273341.0,0.0,0.0,1.0,0.0,136937.0,2.0,9861617
160,161,9995493,0,0,0.0,9861617.0,407217.0,0.0,0.0,1.0,0.0,0.0,2.0,9861617
161,162,9997330,0,0,0.0,488143.0,9916404.0,0.0,0.0,1.0,0.0,0.0,2.0,9861617
162,163,0,0,0,0.0,0.0,9916404.0,0.0,0.0,1.0,0.0,0.0,2.0,9861617
163,164,0,9999731,0,0.0,0.0,9916404.0,0.0,9861617.0,138115.0,0.0,0.0,2.0,9861617
164,165,0,0,0,0.0,0.0,9916404.0,0.0,138114.0,1.0,0.0,0.0,2.0,9861617
165,166,0,0,0,0.0,0.0,9916404.0,0.0,0.0,1.0,0.0,0.0,2.0,9861617
166,167,0,0,0,0.0,0.0,9916404.0,0.0,0.0,1.0,0.0,1.0,1.0,9861617
167,168,9992581,0,0,0.0,0.0,19908985.0,0.0,0.0,1.0,0.0,0.0,1.0,9861617
168,169,0,0,0,0.0,0.0,19908985.0,0.0,0.0,1.0,0.0,0.0,1.0,9861617
169,170,0,0,0,0.0,0.0,19908985.0,0.0,0.0,1.0,0.0,0.0,1.0,9861617
170,171,0,0,0,0.0,0.0,19908985.0,0.0,0.0,1.0,0.0,0.0,1.0,9861617
171,172,0,0,0,0.0,9775105.0,10133880.0,0.0,0.0,1.0,0.0,0.0,1.0,9861617
172,173,0,0,0,0.0,272261.0,9861619.0,0.0,0.0,1.0,0.0,0.0,1.0,9861617
173,174,0,0,0,0.0,9861617.0,2.0,0.0,0.0,1.0,0.0,0.0,1.0,9861617
174,175,0,10003989,0,0.0,0.0,2.0,0.0,9861617.0,142373.0,0.0,0.0,1.0,9861617
175,176,0,0,0,0.0,0.0,2.0,0.0,142372.0,1.0,0.0,0.0,1.0,9861617
176,177,0,0,0,0.0,0.0,2.0,0.0,0.0,1.0,0.0,0.0,1.0,9861617
177,178,0,0,0,0.0,0.0,2.0,0.0,0.0,1.0,0.0,0.0,1.0,9861617
178,179,0,0,0,0.0,0.0,2.0,0.0,0.0,1.0,0.0,0.0,1.0,9861617
179,180,0,0,0,0.0,0.0,2.0,0.0,0.0,1.0,0.0,0.0,1.0,9861617
