,instance,arrival_pfizer,arrival_moderna,arrival_astrazeneca,first_doses_Pfizer,second_doses_Pfizer,stock_values_Pfizer,first_doses_Moderna,second_doses_Moderna,stock_values_Moderna,first_doses_Astrazeneca,second_doses_Astrazeneca,stock_values_Astrazeneca,capacity
0,1,0,0,9995048,0.0,0.0,0.0,0.0,0.0,0.0,0.0,0.0,9995048.0,10277600
1,2,0,0,0,0.0,0.0,0.0,0.0,0.0,0.0,5536613.0,0.0,4458435.0,10277600
2,3,0,0,0,0.0,0.0,0.0,0.0,0.0,0.0,4458435.0,0.0,0.0,10277600
3,4,0,0,9999596,0.0,0.0,0.0,0.0,0.0,0.0,9999346.0,0.0,250.0,10277600
4,5,0,0,0,0.0,0.0,0.0,0.0,0.0,0.0,0.0,0.0,250.0,10277600
5,6,0,0,0,0.0,0.0,0.0,0.0,0.0,0.0,250.0,0.0,0.0,10277600
6,7,9998474,9999036,0,278564.0,0.0,9719910.0,9999036.0,0.0,0.0,0.0,0.0,0.0,10277600
7,8,0,9997201,0,280898.0,0.0,9439012.0,9996701.0,0.0,500.0,0.0,0.0,0.0,10277600
8,9,0,0,0,9439012.0,0.0,0.0,0.0,0.0,500.0,0.0,0.0,0.0,10277600
9,10,0,0,0,0.0,0.0,0.0,0.0,0.0,500.0,0.0,0.0,0.0,10277600
10,11,0,0,0,0.0,0.0,0.0,0.0,0.0,500.0,0.0,0.0,0.0,10277600
11,12,0,0,0,0.0,0.0,0.0,0.0,0.0,500.0,0.0,0.0,0.0,10277600
12,13,0,0,0,0.0,0.0,0.0,0.0,0.0,500.0,0.0,0.0,0.0,10277600
13,14,0,0,0,0.0,0.0,0.0,0.0,0.0,500.0,0.0,0.0,0.0,10277600
14,15,0,0,0,0.0,0.0,0.0,0.0,0.0,500.0,0.0,0.0,0.0,10277600
15,16,0,0,0,0.0,0.0,0.0,0.0,0.0,500.0,0.0,0.0,0.0,10277600
16,17,0,0,0,0.0,0.0,0.0,0.0,0.0,500.0,0.0,0.0,0.0,10277600
17,18,0,0,0,0.0,0.0,0.0,0.0,0.0,500.0,0.0,0.0,0.0,10277600
18,19,9996193,0,0,0.0,0.0,9996193.0,0.0,0.0,500.0,0.0,0.0,0.0,10277600
19,20,0,0,10001361,5813310.0,0.0,4182883.0,0.0,0.0,500.0,4464290.0,0.0,5537071.0,10277600
20,21,0,0,0,4182881.0,0.0,2.0,0.0,0.0,500.0,1112062.0,0.0,4425009.0,10277600
21,22,0,0,0,0.0,0.0,2.0,0.0,0.0,500.0,4425009.0,0.0,0.0,10277600
22,23,0,0,0,0.0,0.0,2.0,0.0,0.0,500.0,0.0,0.0,0.0,10277600
23,24,0,0,0,0.0,0.0,2.0,0.0,0.0,500.0,0.0,0.0,0.0,10277600
24,25,0,0,0,0.0,0.0,2.0,0.0,0.0,500.0,0.0,0.0,0.0,10277600
25,26,0,0,9999873,0.0,0.0,2.0,0.0,0.0,500.0,4995201.0,0.0,5004672.0,10277600
26,27,0,0,0,2.0,0.0,0.0,0.0,0.0,500.0,0.0,0.0,5004672.0,10277600
27,28,10003829,0,10003907,281313.0,278564.0,9443952.0,0.0,0.0,500.0,0.0,0.0,15008579.0,10277600
28,29,9997137,0,0,0.0,280898.0,19160191.0,0.0,0.0,500.0,0.0,0.0,15008579.0,10277600
29,30,0,0,0,0.0,9439012.0,9721179.0,0.0,0.0,500.0,0.0,0.0,15008579.0,10277600
30,31,0,0,0,9721178.0,0.0,1.0,0.0,0.0,500.0,0.0,0.0,15008579.0,10277600
31,32,0,9995522,0,0.0,0.0,1.0,0.0,0.0,9996022.0,0.0,0.0,15008579.0,10277600
32,33,0,0,0,0.0,0.0,1.0,0.0,0.0,9996022.0,0.0,0.0,15008579.0,10277600
33,34,0,9999717,0,0.0,0.0,1.0,1.0,0.0,19995738.0,0.0,0.0,15008579.0,10277600
34,35,0,0,0,0.0,0.0,1.0,0.0,9999036.0,9996702.0,0.0,0.0,15008579.0,10277600
35,36,9997357,0,0,0.0,0.0,9997358.0,0.0,9996701.0,1.0,0.0,0.0,15008579.0,10277600
36,37,0,0,0,5259793.0,0.0,4737565.0,0.0,0.0,1.0,0.0,0.0,15008579.0,10277600
37,38,0,0,0,4737565.0,0.0,0.0,0.0,0.0,1.0,0.0,0.0,15008579.0,10277600
38,39,0,0,0,0.0,0.0,0.0,0.0,0.0,1.0,0.0,0.0,15008579.0,10277600
39,40,0,0,0,0.0,0.0,0.0,0.0,0.0,1.0,0.0,0.0,15008579.0,10277600
40,41,9997053,0,0,860.0,5813310.0,4182883.0,0.0,0.0,1.0,0.0,0.0,15008579.0,10277600
41,42,0,0,0,0.0,4182881.0,2.0,0.0,0.0,1.0,0.0,0.0,15008579.0,10277600
42,43,10000035,0,0,0.0,0.0,10000037.0,0.0,0.0,1.0,0.0,0.0,15008579.0,10277600
43,44,0,0,0,5281187.0,0.0,4718850.0,0.0,0.0,1.0,0.0,0.0,15008579.0,10277600
44,45,0,0,0,0.0,0.0,4718850.0,0.0,0.0,1.0,0.0,0.0,15008579.0,10277600
45,46,0,0,0,4718850.0,0.0,0.0,0.0,0.0,1.0,0.0,0.0,15008579.0,10277600
46,47,0,0,0,0.0,0.0,0.0,0.0,0.0,1.0,0.0,0.0,15008579.0,10277600
47,48,10002667,0,0,9721351.0,2.0,281314.0,0.0,0.0,1.0,0.0,0.0,15008579.0,10277600
48,49,0,0,0,1.0,281313.0,0.0,0.0,0.0,1.0,9996286.0,0.0,5012293.0,10277600
49,50,0,0,10003342,0.0,0.0,0.0,0.0,0.0,1.0,0.0,0.0,15015635.0,10277600
50,51,0,0,0,0.0,0.0,0.0,0.0,0.0,1.0,9997828.0,0.0,5017807.0,10277600
51,52,9999324,0,0,278145.0,9721178.0,1.0,0.0,0.0,1.0,0.0,0.0,5017807.0,10277600
52,53,0,0,0,0.0,0.0,1.0,0.0,0.0,1.0,0.0,0.0,5017807.0,10277600
53,54,0,0,0,0.0,0.0,1.0,0.0,0.0,1.0,0.0,0.0,5017807.0,10277600
54,55,0,0,0,1.0,0.0,0.0,0.0,0.0,1.0,0.0,0.0,5017807.0,10277600
55,56,0,9999129,0,0.0,0.0,0.0,5284251.0,0.0,4714879.0,0.0,0.0,5017807.0,10277600
56,57,0,0,0,0.0,0.0,0.0,4714878.0,0.0,1.0,0.0,0.0,5017807.0,10277600
57,58,9998940,0,0,0.0,5259793.0,4739147.0,0.0,0.0,1.0,5017807.0,0.0,0.0,10277600
58,59,0,0,10002070,0.0,4737565.0,1582.0,0.0,0.0,1.0,4984435.0,0.0,5017635.0,10277600
59,60,0,10002995,0,722.0,0.0,860.0,5006759.0,0.0,4996237.0,5017635.0,0.0,0.0,10277600
60,61,0,0,0,0.0,0.0,860.0,0.0,0.0,4996237.0,0.0,0.0,0.0,10277600
61,62,0,0,0,0.0,860.0,0.0,4996235.0,1.0,1.0,0.0,0.0,0.0,10277600
62,63,0,0,0,0.0,0.0,0.0,0.0,0.0,1.0,0.0,0.0,0.0,10277600
63,64,0,0,0,0.0,0.0,0.0,0.0,0.0,1.0,0.0,0.0,0.0,10277600
64,65,10001030,0,0,4719843.0,5281187.0,0.0,0.0,0.0,1.0,0.0,0.0,0.0,10277600
65,66,9990447,0,9998802,278798.0,0.0,9711649.0,0.0,0.0,1.0,9998802.0,0.0,0.0,10277600
66,67,0,0,0,0.0,4718850.0,4992799.0,0.0,0.0,1.0,0.0,0.0,0.0,10277600
67,68,0,0,0,0.0,0.0,4992799.0,0.0,0.0,1.0,0.0,0.0,0.0,10277600
68,69,9999204,0,0,556247.0,9721351.0,4714405.0,0.0,0.0,1.0,0.0,0.0,0.0,10277600
69,70,9998001,9997367,0,9445770.0,1.0,5266635.0,831829.0,0.0,9165539.0,0.0,0.0,0.0,10277600
70,71,0,0,0,1.0,0.0,5266634.0,9165538.0,0.0,1.0,0.0,0.0,0.0,10277600
71,72,0,0,9997291,0.0,0.0,5266634.0,0.0,0.0,1.0,9997291.0,0.0,0.0,10277600
72,73,0,0,0,0.0,278145.0,4988489.0,0.0,0.0,1.0,0.0,0.0,0.0,10277600
73,74,0,0,0,0.0,0.0,4988489.0,0.0,0.0,1.0,0.0,0.0,0.0,10277600
74,75,0,10001604,0,7006.0,0.0,4981483.0,10001604.0,0.0,1.0,0.0,0.0,0.0,10277600
75,76,0,0,0,1.0,1.0,4981481.0,0.0,0.0,1.0,0.0,0.0,0.0,10277600
76,77,0,0,0,4981481.0,0.0,0.0,0.0,0.0,1.0,0.0,0.0,0.0,10277600
77,78,0,0,0,0.0,0.0,0.0,0.0,0.0,1.0,0.0,0.0,0.0,10277600
78,79,0,0,0,0.0,0.0,0.0,0.0,0.0,1.0,0.0,0.0,0.0,10277600
79,80,10004049,0,9997385,4738650.0,0.0,5265399.0,0.0,0.0,1.0,2337.0,5536613.0,4458435.0,10277600
80,81,0,10007176,0,814661.0,722.0,4450016.0,5003782.0,0.0,5003395.0,0.0,4458435.0,0.0,10277600
81,82,0,0,9999346,275996.0,0.0,4174020.0,0.0,0.0,5003395.0,0.0,9999346.0,0.0,10277600
82,83,0,0,0,4174020.0,0.0,0.0,0.0,0.0,5003395.0,0.0,0.0,0.0,10277600
83,84,0,10002493,9999825,0.0,0.0,0.0,0.0,5284251.0,9721637.0,4993099.0,250.0,5006476.0,10277600
84,85,10000195,0,0,5001553.0,0.0,4998642.0,0.0,4714878.0,5006759.0,0.0,0.0,5006476.0,10277600
85,86,0,0,0,0.0,4719843.0,278799.0,0.0,0.0,5006759.0,0.0,0.0,5006476.0,10277600
86,87,0,0,0,0.0,278798.0,1.0,0.0,0.0,5006759.0,5006476.0,0.0,0.0,10277600
87,88,0,0,0,0.0,0.0,1.0,0.0,5006759.0,0.0,0.0,0.0,0.0,10277600
88,89,0,0,0,1.0,0.0,0.0,0.0,0.0,0.0,0.0,0.0,0.0,10277600
89,90,10002018,10002569,0,0.0,556247.0,9445771.0,0.0,4996235.0,5006334.0,0.0,0.0,0.0,10277600
90,91,0,0,0,0.0,9445770.0,1.0,0.0,0.0,5006334.0,0.0,0.0,0.0,10277600
91,92,0,9997855,0,0.0,1.0,0.0,0.0,0.0,15004189.0,0.0,0.0,0.0,10277600
92,93,0,0,0,0.0,0.0,0.0,0.0,0.0,15004189.0,0.0,0.0,0.0,10277600
93,94,0,0,0,0.0,0.0,0.0,0.0,0.0,15004189.0,0.0,0.0,0.0,10277600
94,95,0,0,0,0.0,0.0,0.0,0.0,0.0,15004189.0,0.0,0.0,0.0,10277600
95,96,10004161,0,9995267,9992177.0,7006.0,4978.0,0.0,0.0,15004189.0,278417.0,0.0,9716850.0,10277600
96,97,0,0,9995987,4975.0,1.0,2.0,0.0,0.0,15004189.0,4716275.0,0.0,14996562.0,10277600
97,98,9999644,0,0,0.0,4981481.0,5018165.0,0.0,831829.0,14172360.0,0.0,4464290.0,10532272.0,10277600
98,99,9998087,0,0,0.0,0.0,15016252.0,0.0,9165538.0,5006822.0,0.0,1112062.0,9420210.0,10277600
99,100,0,0,0,0.0,0.0,15016252.0,0.0,0.0,5006822.0,0.0,4425009.0,4995201.0,10277600
100,101,0,9998565,0,0.0,4738650.0,10277602.0,0.0,0.0,15005387.0,0.0,0.0,4995201.0,10277600
101,102,0,0,0,9462939.0,814661.0,2.0,0.0,0.0,15005387.0,0.0,0.0,4995201.0,10277600
102,103,9992736,0,0,0.0,275996.0,9716742.0,0.0,10001604.0,5003783.0,0.0,0.0,4995201.0,10277600
103,104,10001719,0,0,542511.0,4174020.0,15001930.0,0.0,0.0,5003783.0,0.0,4995201.0,0.0,10277600
104,105,0,0,0,1.0,0.0,15001929.0,0.0,0.0,5003783.0,0.0,0.0,0.0,10277600
105,106,0,0,0,0.0,5001553.0,10000376.0,0.0,0.0,5003783.0,0.0,0.0,0.0,10277600
106,107,0,0,0,0.0,0.0,10000376.0,0.0,0.0,5003783.0,0.0,0.0,0.0,10277600
107,108,0,0,0,0.0,0.0,10000376.0,0.0,0.0,5003783.0,0.0,0.0,0.0,10277600
108,109,0,0,0,555994.0,0.0,9444382.0,0.0,5003782.0,1.0,0.0,0.0,0.0,10277600
109,110,0,0,0,9441900.0,1.0,2481.0,0.0,0.0,1.0,0.0,0.0,0.0,10277600
110,111,0,0,0,0.0,0.0,2481.0,0.0,0.0,1.0,0.0,0.0,0.0,10277600
111,112,0,9999958,0,0.0,0.0,2481.0,4999024.0,0.0,5000935.0,0.0,0.0,0.0,10277600
112,113,0,0,0,2481.0,0.0,0.0,0.0,0.0,5000935.0,0.0,0.0,0.0,10277600
113,114,0,0,0,0.0,0.0,0.0,0.0,0.0,5000935.0,0.0,0.0,0.0,10277600
114,115,0,0,0,0.0,0.0,0.0,0.0,0.0,5000935.0,0.0,0.0,0.0,10277600
115,116,9997155,0,0,1.0,0.0,9997154.0,0.0,0.0,5000935.0,0.0,0.0,0.0,10277600
116,117,0,0,0,0.0,9992177.0,4977.0,0.0,0.0,5000935.0,0.0,0.0,0.0,10277600
117,118,0,0,0,0.0,4975.0,2.0,5000934.0,0.0,1.0,0.0,0.0,0.0,10277600
118,119,0,0,0,0.0,0.0,2.0,0.0,0.0,1.0,0.0,0.0,0.0,10277600
119,120,0,0,0,0.0,0.0,2.0,1.0,0.0,0.0,0.0,0.0,0.0,10277600
120,121,0,0,0,0.0,0.0,2.0,0.0,0.0,0.0,0.0,0.0,0.0,10277600
121,122,0,0,0,0.0,0.0,2.0,0.0,0.0,0.0,0.0,0.0,0.0,10277600
122,123,10005449,0,0,0.0,9462939.0,542512.0,0.0,0.0,0.0,0.0,0.0,0.0,10277600
123,124,0,0,0,0.0,0.0,542512.0,0.0,0.0,0.0,0.0,0.0,0.0,10277600
124,125,0,0,0,0.0,542511.0,1.0,0.0,0.0,0.0,0.0,0.0,0.0,10277600
125,126,0,0,0,0.0,1.0,0.0,0.0,0.0,0.0,0.0,0.0,0.0,10277600
126,127,0,0,9996286,0.0,0.0,0.0,0.0,0.0,0.0,0.0,9996286.0,0.0,10277600
127,128,0,0,0,0.0,0.0,0.0,0.0,0.0,0.0,0.0,0.0,0.0,10277600
128,129,0,10001377,9997828,0.0,0.0,0.0,279772.0,0.0,9721605.0,0.0,9997828.0,0.0,10277600
129,130,9997896,0,0,1.0,555994.0,9441901.0,9721605.0,0.0,0.0,0.0,0.0,0.0,10277600
130,131,0,0,0,0.0,9441900.0,1.0,0.0,0.0,0.0,0.0,0.0,0.0,10277600
131,132,0,0,0,0.0,0.0,1.0,0.0,0.0,0.0,0.0,0.0,0.0,10277600
132,133,0,0,0,1.0,0.0,0.0,0.0,0.0,0.0,0.0,0.0,0.0,10277600
133,134,10002158,0,0,0.0,2481.0,9999677.0,0.0,0.0,0.0,0.0,0.0,0.0,10277600
134,135,0,0,0,0.0,0.0,9999677.0,0.0,0.0,0.0,0.0,0.0,0.0,10277600
135,136,0,0,10002242,0.0,0.0,9999677.0,0.0,0.0,0.0,0.0,5017807.0,4984435.0,10277600
136,137,0,0,0,0.0,1.0,9999676.0,0.0,0.0,0.0,0.0,4984435.0,0.0,10277600
137,138,0,0,10006018,0.0,0.0,9999676.0,0.0,0.0,0.0,0.0,5017635.0,4988383.0,10277600
138,139,0,10001722,0,0.0,0.0,9999676.0,10001722.0,0.0,0.0,0.0,0.0,4988383.0,10277600
139,140,0,9999751,10001366,0.0,0.0,9999676.0,5000726.0,4999024.0,1.0,0.0,0.0,14989749.0,10277600
140,141,9998931,0,0,0.0,0.0,19998607.0,0.0,0.0,1.0,0.0,0.0,14989749.0,10277600
141,142,0,0,10001780,0.0,0.0,19998607.0,0.0,0.0,1.0,0.0,0.0,24991529.0,10277600
142,143,0,0,0,0.0,0.0,19998607.0,0.0,0.0,1.0,0.0,0.0,24991529.0,10277600
143,144,0,0,0,0.0,0.0,19998607.0,0.0,0.0,1.0,0.0,9998802.0,14992727.0,10277600
144,145,0,0,0,0.0,0.0,19998607.0,0.0,0.0,1.0,0.0,0.0,14992727.0,10277600
145,146,0,10001719,0,0.0,0.0,19998607.0,0.0,5000934.0,5000786.0,0.0,0.0,14992727.0,10277600
146,147,0,0,0,0.0,0.0,19998607.0,0.0,0.0,5000786.0,0.0,0.0,14992727.0,10277600
147,148,0,10001744,0,0.0,0.0,19998607.0,0.0,1.0,15002529.0,0.0,0.0,14992727.0,10277600
148,149,0,0,0,0.0,0.0,19998607.0,0.0,0.0,15002529.0,0.0,0.0,14992727.0,10277600
149,150,0,0,0,0.0,0.0,19998607.0,0.0,0.0,15002529.0,0.0,9997291.0,4995436.0,10277600
150,151,0,9999030,0,0.0,1.0,19998606.0,10000424.0,0.0,15001135.0,0.0,0.0,4995436.0,10277600
151,152,0,0,0,0.0,0.0,19998606.0,0.0,0.0,15001135.0,0.0,0.0,4995436.0,10277600
152,153,0,0,0,9999183.0,0.0,9999423.0,0.0,0.0,15001135.0,0.0,0.0,4995436.0,10277600
153,154,0,0,0,0.0,1.0,9999422.0,0.0,0.0,15001135.0,0.0,0.0,4995436.0,10277600
154,155,0,0,0,0.0,0.0,9999422.0,0.0,0.0,15001135.0,0.0,0.0,4995436.0,10277600
155,156,0,0,0,9999422.0,0.0,0.0,0.0,0.0,15001135.0,0.0,0.0,4995436.0,10277600
156,157,0,0,0,0.0,0.0,0.0,0.0,279772.0,14721363.0,0.0,0.0,4995436.0,10277600
157,158,0,0,0,0.0,0.0,0.0,0.0,9721605.0,4999758.0,0.0,2337.0,4993099.0,10277600
158,159,9999701,0,0,9999701.0,0.0,0.0,0.0,0.0,4999758.0,0.0,0.0,4993099.0,10277600
159,160,0,0,0,0.0,0.0,0.0,0.0,0.0,4999758.0,0.0,0.0,4993099.0,10277600
160,161,0,10002691,0,0.0,0.0,0.0,0.0,0.0,15002449.0,0.0,0.0,4993099.0,10277600
161,162,0,0,0,0.0,0.0,0.0,0.0,0.0,15002449.0,0.0,4993099.0,0.0,10277600
162,163,0,0,0,0.0,0.0,0.0,0.0,0.0,15002449.0,0.0,0.0,0.0,10277600
163,164,0,0,0,0.0,0.0,0.0,0.0,0.0,15002449.0,0.0,0.0,0.0,10277600
164,165,0,0,10001168,0.0,0.0,0.0,0.0,0.0,15002449.0,0.0,5006476.0,4994692.0,10277600
165,166,0,0,0,0.0,0.0,0.0,0.0,0.0,15002449.0,0.0,0.0,4994692.0,10277600
166,167,0,0,0,0.0,0.0,0.0,0.0,10001722.0,5000727.0,0.0,0.0,4994692.0,10277600
167,168,0,0,0,0.0,0.0,0.0,0.0,5000726.0,1.0,0.0,0.0,4994692.0,10277600
168,169,0,0,0,0.0,0.0,0.0,0.0,0.0,1.0,0.0,0.0,4994692.0,10277600
169,170,0,0,0,0.0,0.0,0.0,0.0,0.0,1.0,0.0,0.0,4994692.0,10277600
170,171,0,0,0,0.0,0.0,0.0,0.0,0.0,1.0,0.0,0.0,4994692.0,10277600
171,172,0,0,0,0.0,0.0,0.0,0.0,0.0,1.0,0.0,0.0,4994692.0,10277600
172,173,0,0,0,0.0,0.0,0.0,0.0,0.0,1.0,0.0,0.0,4994692.0,10277600
173,174,9999183,0,0,0.0,9999183.0,0.0,0.0,0.0,1.0,0.0,278417.0,4716275.0,10277600
174,175,0,0,0,0.0,0.0,0.0,0.0,0.0,1.0,0.0,4716275.0,0.0,10277600
175,176,0,0,0,0.0,0.0,0.0,0.0,0.0,1.0,0.0,0.0,0.0,10277600
176,177,10000564,0,0,0.0,9999422.0,1142.0,0.0,0.0,1.0,0.0,0.0,0.0,10277600
177,178,0,0,0,0.0,0.0,1142.0,0.0,0.0,1.0,0.0,0.0,0.0,10277600
178,179,0,10000425,0,0.0,0.0,1142.0,0.0,10000424.0,2.0,0.0,0.0,0.0,10277600
179,180,9998561,0,0,0.0,9999701.0,2.0,0.0,0.0,2.0,0.0,0.0,0.0,10277600
