,instance,arrival_pfizer,arrival_moderna,arrival_astrazeneca,first_doses_Pfizer,second_doses_Pfizer,stock_values_Pfizer,first_doses_Moderna,second_doses_Moderna,stock_values_Moderna,first_doses_Astrazeneca,second_doses_Astrazeneca,stock_values_Astrazeneca,capacity
0,1,0,0,0,0.0,0.0,0.0,0.0,0.0,0.0,0.0,0.0,0.0,11111150
1,2,0,0,9997133,0.0,0.0,0.0,0.0,0.0,0.0,4444345.0,0.0,5552788.0,11111150
2,3,0,10005117,0,0.0,0.0,0.0,9999769.0,0.0,5348.0,1111381.0,0.0,4441407.0,11111150
3,4,0,0,0,0.0,0.0,0.0,0.0,0.0,5348.0,4441407.0,0.0,0.0,11111150
4,5,0,0,0,0.0,0.0,0.0,0.0,0.0,5348.0,0.0,0.0,0.0,11111150
5,6,0,0,0,0.0,0.0,0.0,0.0,0.0,5348.0,0.0,0.0,0.0,11111150
6,7,10000433,0,0,10000431.0,0.0,2.0,0.0,0.0,5348.0,0.0,0.0,0.0,11111150
7,8,0,0,0,1.0,0.0,1.0,0.0,0.0,5348.0,0.0,0.0,0.0,11111150
8,9,0,0,0,0.0,0.0,1.0,0.0,0.0,5348.0,0.0,0.0,0.0,11111150
9,10,0,0,0,1.0,0.0,0.0,0.0,0.0,5348.0,0.0,0.0,0.0,11111150
10,11,10002757,0,0,10002756.0,0.0,1.0,0.0,0.0,5348.0,0.0,0.0,0.0,11111150
11,12,0,0,0,1.0,0.0,0.0,0.0,0.0,5348.0,0.0,0.0,0.0,11111150
12,13,0,0,10005839,0.0,0.0,0.0,0.0,0.0,5348.0,4992190.0,0.0,5013649.0,11111150
13,14,0,0,0,0.0,0.0,0.0,0.0,0.0,5348.0,0.0,0.0,5013649.0,11111150
14,15,0,9996244,9995642,0.0,0.0,0.0,0.0,0.0,10001592.0,0.0,0.0,15009291.0,11111150
15,16,0,0,0,0.0,0.0,0.0,3333649.0,0.0,6667943.0,0.0,0.0,15009291.0,11111150
16,17,0,0,0,0.0,0.0,0.0,6667943.0,0.0,0.0,0.0,0.0,15009291.0,11111150
17,18,9996462,0,0,1116464.0,0.0,8879998.0,0.0,0.0,0.0,1110389.0,0.0,13898902.0,11111150
18,19,0,0,10005724,8879996.0,0.0,2.0,0.0,0.0,0.0,0.0,0.0,23904626.0,11111150
19,20,10003048,0,0,1678841.0,0.0,8324209.0,0.0,0.0,0.0,0.0,0.0,23904626.0,11111150
20,21,0,0,0,8324208.0,0.0,1.0,0.0,0.0,0.0,0.0,0.0,23904626.0,11111150
21,22,0,0,0,0.0,0.0,1.0,0.0,0.0,0.0,0.0,0.0,23904626.0,11111150
22,23,9997437,0,0,7777501.0,0.0,2219937.0,0.0,0.0,0.0,0.0,0.0,23904626.0,11111150
23,24,0,0,0,2219934.0,0.0,3.0,0.0,0.0,0.0,8891215.0,0.0,15013411.0,11111150
24,25,0,9999769,0,0.0,0.0,3.0,0.0,0.0,9999769.0,0.0,0.0,15013411.0,11111150
25,26,10004567,0,9992840,1673721.0,0.0,8330849.0,0.0,0.0,9999769.0,0.0,0.0,25006251.0,11111150
26,27,9998880,0,0,0.0,0.0,18329729.0,0.0,0.0,9999769.0,10000647.0,0.0,15005604.0,11111150
27,28,0,0,0,0.0,10000431.0,8329298.0,0.0,0.0,9999769.0,0.0,0.0,15005604.0,11111150
28,29,9995832,0,0,3324708.0,1.0,15000421.0,0.0,0.0,9999769.0,0.0,0.0,15005604.0,11111150
29,30,0,0,9997699,0.0,0.0,15000421.0,0.0,0.0,9999769.0,0.0,0.0,25003303.0,11111150
30,31,0,0,9998597,0.0,1.0,15000420.0,0.0,9999769.0,0.0,0.0,0.0,35001900.0,11111150
31,32,10008480,0,9995582,1.0,10002756.0,15006143.0,0.0,0.0,0.0,0.0,0.0,44997482.0,11111150
32,33,0,0,0,0.0,1.0,15006142.0,0.0,0.0,0.0,0.0,0.0,44997482.0,11111150
33,34,0,0,0,1.0,0.0,15006141.0,0.0,0.0,0.0,0.0,0.0,44997482.0,11111150
34,35,0,0,0,0.0,0.0,15006141.0,0.0,0.0,0.0,10003924.0,0.0,34993558.0,11111150
35,36,0,0,0,0.0,0.0,15006141.0,0.0,0.0,0.0,0.0,0.0,34993558.0,11111150
36,37,0,0,9996324,0.0,0.0,15006141.0,0.0,0.0,0.0,0.0,0.0,44989882.0,11111150
37,38,0,0,0,3330839.0,0.0,11675302.0,0.0,0.0,0.0,0.0,0.0,44989882.0,11111150
38,39,0,0,0,0.0,1116464.0,10558838.0,0.0,0.0,0.0,9994685.0,0.0,34995197.0,11111150
39,40,0,0,0,1.0,8879996.0,1678841.0,0.0,0.0,0.0,0.0,0.0,34995197.0,11111150
40,41,0,0,0,0.0,1678841.0,0.0,0.0,0.0,0.0,0.0,0.0,34995197.0,11111150
41,42,9998754,0,0,0.0,8324208.0,1674546.0,0.0,0.0,0.0,0.0,0.0,34995197.0,11111150
42,43,0,0,0,0.0,0.0,1674546.0,0.0,0.0,0.0,8895999.0,0.0,26099198.0,11111150
43,44,9996613,10001645,0,0.0,7777501.0,3893658.0,0.0,3333649.0,6667996.0,0.0,0.0,26099198.0,11111150
44,45,0,0,0,0.0,2219934.0,1673724.0,0.0,6667943.0,53.0,0.0,0.0,26099198.0,11111150
45,46,0,0,9997939,0.0,0.0,1673724.0,0.0,0.0,53.0,11111150.0,0.0,24985987.0,11111150
46,47,0,9996643,0,0.0,1673721.0,3.0,9437429.0,0.0,559267.0,0.0,0.0,24985987.0,11111150
47,48,0,0,0,1.0,0.0,2.0,0.0,0.0,559267.0,0.0,0.0,24985987.0,11111150
48,49,9998920,9998131,9998500,1110118.0,0.0,8888804.0,0.0,0.0,10557398.0,10001030.0,0.0,24983457.0,11111150
49,50,0,0,10000100,5564093.0,3324708.0,3.0,0.0,0.0,10557398.0,0.0,0.0,34983557.0,11111150
50,51,0,0,0,0.0,0.0,3.0,1119281.0,0.0,9438117.0,0.0,0.0,34983557.0,11111150
51,52,0,0,0,0.0,0.0,3.0,0.0,0.0,9438117.0,0.0,0.0,34983557.0,11111150
52,53,0,0,0,0.0,1.0,2.0,8877816.0,0.0,560301.0,0.0,0.0,34983557.0,11111150
53,54,0,0,0,0.0,0.0,2.0,0.0,0.0,560301.0,10002716.0,0.0,24980841.0,11111150
54,55,0,0,0,0.0,1.0,1.0,0.0,0.0,560301.0,0.0,0.0,24980841.0,11111150
55,56,0,0,0,0.0,0.0,1.0,0.0,0.0,560301.0,0.0,0.0,24980841.0,11111150
56,57,0,0,10008799,1.0,0.0,0.0,560301.0,0.0,0.0,0.0,0.0,34989640.0,11111150
57,58,0,0,0,0.0,0.0,0.0,0.0,0.0,0.0,0.0,0.0,34989640.0,11111150
58,59,10002320,0,9999244,6666805.0,3330839.0,4676.0,0.0,0.0,0.0,0.0,0.0,44988884.0,11111150
59,60,0,0,0,4673.0,0.0,3.0,0.0,0.0,0.0,0.0,0.0,44988884.0,11111150
60,61,0,0,0,0.0,1.0,2.0,0.0,0.0,0.0,0.0,0.0,44988884.0,11111150
61,62,0,9998177,0,0.0,0.0,2.0,9998177.0,0.0,0.0,0.0,0.0,44988884.0,11111150
62,63,0,0,0,0.0,0.0,2.0,0.0,0.0,0.0,0.0,0.0,44988884.0,11111150
63,64,0,0,0,0.0,0.0,2.0,0.0,0.0,0.0,9998293.0,0.0,34990591.0,11111150
64,65,0,0,0,0.0,0.0,2.0,0.0,0.0,0.0,0.0,0.0,34990591.0,11111150
65,66,0,0,0,0.0,0.0,2.0,0.0,0.0,0.0,0.0,0.0,34990591.0,11111150
66,67,0,0,0,0.0,0.0,2.0,0.0,0.0,0.0,0.0,0.0,34990591.0,11111150
67,68,9998961,0,0,3325838.0,0.0,6673125.0,0.0,0.0,0.0,0.0,0.0,34990591.0,11111150
68,69,0,0,0,0.0,1.0,6673124.0,0.0,0.0,0.0,0.0,0.0,34990591.0,11111150
69,70,10000479,0,0,6118960.0,1110118.0,9444525.0,0.0,0.0,0.0,0.0,0.0,34990591.0,11111150
70,71,9999859,0,0,3878212.0,5564093.0,10002079.0,0.0,0.0,0.0,0.0,0.0,34990591.0,11111150
71,72,0,0,0,0.0,0.0,10002079.0,0.0,0.0,0.0,0.0,0.0,34990591.0,11111150
72,73,0,0,0,0.0,0.0,10002079.0,0.0,0.0,0.0,0.0,0.0,34990591.0,11111150
73,74,0,0,10004828,0.0,0.0,10002079.0,0.0,0.0,0.0,0.0,0.0,44995419.0,11111150
74,75,0,10000185,9998129,1673721.0,0.0,8328358.0,0.0,9437429.0,562756.0,0.0,0.0,54993548.0,11111150
75,76,0,0,0,8328354.0,0.0,4.0,562756.0,0.0,0.0,0.0,0.0,54993548.0,11111150
76,77,0,0,0,1.0,0.0,3.0,0.0,0.0,0.0,9998105.0,0.0,44995443.0,11111150
77,78,0,0,0,0.0,1.0,2.0,0.0,0.0,0.0,0.0,0.0,44995443.0,11111150
78,79,9997319,10004502,0,1.0,0.0,9997320.0,8885221.0,1119281.0,0.0,0.0,0.0,44995443.0,11111150
79,80,0,0,0,0.0,6666805.0,3330515.0,0.0,0.0,0.0,0.0,4444345.0,40551098.0,11111150
80,81,0,9995095,0,0.0,4673.0,3325842.0,1117279.0,8877816.0,0.0,0.0,1111381.0,39439717.0,11111150
81,82,0,0,0,0.0,0.0,3325842.0,0.0,0.0,0.0,0.0,4441407.0,34998310.0,11111150
82,83,0,0,0,0.0,0.0,3325842.0,0.0,0.0,0.0,0.0,0.0,34998310.0,11111150
83,84,0,0,0,0.0,0.0,3325842.0,0.0,0.0,0.0,0.0,0.0,34998310.0,11111150
84,85,0,10001272,0,0.0,0.0,3325842.0,0.0,560301.0,9440971.0,10004783.0,0.0,24993527.0,11111150
85,86,0,0,0,0.0,0.0,3325842.0,0.0,0.0,9440971.0,0.0,0.0,24993527.0,11111150
86,87,0,10005736,0,0.0,0.0,3325842.0,10004772.0,0.0,9441935.0,0.0,0.0,24993527.0,11111150
87,88,0,0,0,1.0,0.0,3325841.0,7780143.0,0.0,1661792.0,3331006.0,0.0,21662521.0,11111150
88,89,0,0,0,0.0,3325838.0,3.0,1116465.0,0.0,545327.0,6668846.0,0.0,14993675.0,11111150
89,90,0,10005060,0,1.0,0.0,2.0,552209.0,9998177.0,1.0,0.0,0.0,14993675.0,11111150
90,91,9997172,0,0,0.0,6118960.0,3878214.0,0.0,0.0,1.0,0.0,4992190.0,10001485.0,11111150
91,92,0,0,0,0.0,3878212.0,2.0,0.0,0.0,1.0,7232938.0,0.0,2768547.0,11111150
92,93,0,0,0,0.0,0.0,2.0,0.0,0.0,1.0,2768547.0,0.0,0.0,11111150
93,94,0,10000366,0,0.0,0.0,2.0,6113429.0,0.0,3886938.0,0.0,0.0,0.0,11111150
94,95,0,0,0,0.0,0.0,2.0,3324182.0,0.0,562756.0,0.0,0.0,0.0,11111150
95,96,10002075,0,10001184,0.0,1673721.0,8328356.0,0.0,0.0,562756.0,0.0,1110389.0,8890795.0,11111150
96,97,0,0,0,0.0,8328354.0,2.0,0.0,0.0,562756.0,0.0,0.0,8890795.0,11111150
97,98,0,0,0,0.0,1.0,1.0,0.0,0.0,562756.0,0.0,0.0,8890795.0,11111150
98,99,0,0,0,0.0,0.0,1.0,0.0,0.0,562756.0,0.0,0.0,8890795.0,11111150
99,100,0,0,0,0.0,1.0,0.0,0.0,0.0,562756.0,0.0,0.0,8890795.0,11111150
100,101,0,0,0,0.0,0.0,0.0,0.0,0.0,562756.0,8890795.0,0.0,0.0,11111150
101,102,0,0,10001595,0.0,0.0,0.0,0.0,0.0,562756.0,1110380.0,8891215.0,0.0,11111150
102,103,0,0,0,0.0,0.0,0.0,0.0,0.0,562756.0,0.0,0.0,0.0,11111150
103,104,0,0,0,0.0,0.0,0.0,0.0,562756.0,0.0,0.0,0.0,0.0,11111150
104,105,0,10002500,10000647,0.0,0.0,0.0,0.0,0.0,10002500.0,0.0,10000647.0,0.0,11111150
105,106,0,0,0,0.0,0.0,0.0,0.0,0.0,10002500.0,0.0,0.0,0.0,11111150
106,107,0,0,0,0.0,0.0,0.0,0.0,8885221.0,1117279.0,0.0,0.0,0.0,11111150
107,108,0,0,0,0.0,0.0,0.0,0.0,0.0,1117279.0,0.0,0.0,0.0,11111150
108,109,9993871,0,0,9993869.0,1.0,1.0,0.0,1117279.0,0.0,0.0,0.0,0.0,11111150
109,110,0,0,0,0.0,0.0,1.0,0.0,0.0,0.0,0.0,0.0,0.0,11111150
110,111,0,0,0,0.0,1.0,0.0,0.0,0.0,0.0,0.0,0.0,0.0,11111150
111,112,0,0,0,0.0,0.0,0.0,0.0,0.0,0.0,0.0,0.0,0.0,11111150
112,113,0,0,10003924,0.0,0.0,0.0,0.0,0.0,0.0,0.0,10003924.0,0.0,11111150
113,114,0,0,0,0.0,0.0,0.0,0.0,0.0,0.0,0.0,0.0,0.0,11111150
114,115,0,10004772,0,0.0,0.0,0.0,0.0,10004772.0,0.0,0.0,0.0,0.0,11111150
115,116,0,9997910,0,0.0,0.0,0.0,549093.0,7780143.0,1668674.0,0.0,0.0,0.0,11111150
116,117,0,0,9994685,0.0,0.0,0.0,0.0,1116465.0,552209.0,0.0,9994685.0,0.0,11111150
117,118,0,0,0,0.0,0.0,0.0,0.0,552209.0,0.0,0.0,0.0,0.0,11111150
118,119,0,9999245,0,0.0,0.0,0.0,5006041.0,0.0,4993204.0,0.0,0.0,0.0,11111150
119,120,0,0,0,0.0,0.0,0.0,0.0,0.0,4993204.0,0.0,0.0,0.0,11111150
120,121,9999169,10003475,10002834,0.0,0.0,9999169.0,2215151.0,0.0,12781528.0,0.0,8895999.0,1106835.0,11111150
121,122,0,10000339,0,4997721.0,0.0,5001448.0,0.0,6113429.0,16668438.0,0.0,0.0,1106835.0,11111150
122,123,9989928,0,0,0.0,0.0,14991376.0,7786968.0,3324182.0,5557288.0,0.0,0.0,1106835.0,11111150
123,124,0,0,10004315,0.0,0.0,14991376.0,0.0,0.0,5557288.0,0.0,11111150.0,0.0,11111150
124,125,0,0,0,1.0,0.0,14991375.0,5557288.0,0.0,0.0,0.0,0.0,0.0,11111150
125,126,0,0,0,0.0,0.0,14991375.0,0.0,0.0,0.0,0.0,0.0,0.0,11111150
126,127,0,0,10001030,0.0,0.0,14991375.0,0.0,0.0,0.0,0.0,10001030.0,0.0,11111150
127,128,0,0,0,0.0,0.0,14991375.0,0.0,0.0,0.0,0.0,0.0,0.0,11111150
128,129,0,0,0,0.0,0.0,14991375.0,0.0,0.0,0.0,0.0,0.0,0.0,11111150
129,130,0,0,0,0.0,9993869.0,4997506.0,0.0,0.0,0.0,0.0,0.0,0.0,11111150
130,131,0,0,0,0.0,0.0,4997506.0,0.0,0.0,0.0,0.0,0.0,0.0,11111150
131,132,0,0,10002716,0.0,0.0,4997506.0,0.0,0.0,0.0,0.0,10002716.0,0.0,11111150
132,133,0,0,0,0.0,0.0,4997506.0,0.0,0.0,0.0,0.0,0.0,0.0,11111150
133,134,0,0,0,1113045.0,0.0,3884461.0,0.0,0.0,0.0,0.0,0.0,0.0,11111150
134,135,0,0,0,3884459.0,0.0,2.0,0.0,0.0,0.0,0.0,0.0,0.0,11111150
135,136,0,0,0,0.0,0.0,2.0,0.0,0.0,0.0,0.0,0.0,0.0,11111150
136,137,0,0,0,1.0,0.0,1.0,0.0,0.0,0.0,0.0,0.0,0.0,11111150
137,138,0,0,0,0.0,0.0,1.0,0.0,0.0,0.0,0.0,0.0,0.0,11111150
138,139,0,9995253,0,0.0,0.0,1.0,4440119.0,0.0,5555134.0,0.0,0.0,0.0,11111150
139,140,0,0,0,0.0,0.0,1.0,0.0,0.0,5555134.0,0.0,0.0,0.0,11111150
140,141,0,0,0,0.0,0.0,1.0,0.0,0.0,5555134.0,0.0,0.0,0.0,11111150
141,142,0,0,9998293,1.0,0.0,0.0,0.0,0.0,5555134.0,0.0,9998293.0,0.0,11111150
142,143,9998888,0,0,5001166.0,4997721.0,1.0,0.0,0.0,5555134.0,0.0,0.0,0.0,11111150
143,144,0,0,0,0.0,0.0,1.0,0.0,549093.0,5006041.0,0.0,0.0,0.0,11111150
144,145,0,0,0,0.0,0.0,1.0,0.0,0.0,5006041.0,0.0,0.0,0.0,11111150
145,146,0,0,0,0.0,1.0,0.0,0.0,0.0,5006041.0,0.0,0.0,0.0,11111150
146,147,0,0,0,0.0,0.0,0.0,0.0,5006041.0,0.0,0.0,0.0,0.0,11111150
147,148,0,0,0,0.0,0.0,0.0,0.0,0.0,0.0,0.0,0.0,0.0,11111150
148,149,0,10002119,0,0.0,0.0,0.0,0.0,2215151.0,7786968.0,0.0,0.0,0.0,11111150
149,150,0,0,0,0.0,0.0,0.0,0.0,0.0,7786968.0,0.0,0.0,0.0,11111150
150,151,0,0,0,0.0,0.0,0.0,0.0,7786968.0,0.0,0.0,0.0,0.0,11111150
151,152,0,0,0,0.0,0.0,0.0,0.0,0.0,0.0,0.0,0.0,0.0,11111150
152,153,0,9997408,0,0.0,0.0,0.0,0.0,5557288.0,4440120.0,0.0,0.0,0.0,11111150
153,154,0,0,0,0.0,0.0,0.0,0.0,0.0,4440120.0,0.0,0.0,0.0,11111150
154,155,10000216,0,9998105,0.0,1113045.0,8887171.0,0.0,0.0,4440120.0,0.0,9998105.0,0.0,11111150
155,156,0,0,0,0.0,3884459.0,5002712.0,0.0,0.0,4440120.0,0.0,0.0,0.0,11111150
156,157,0,0,0,0.0,0.0,5002712.0,0.0,0.0,4440120.0,0.0,0.0,0.0,11111150
157,158,9999225,0,0,0.0,1.0,15001936.0,0.0,0.0,4440120.0,0.0,0.0,0.0,11111150
158,159,0,0,0,10000769.0,0.0,5001167.0,0.0,0.0,4440120.0,0.0,0.0,0.0,11111150
159,160,0,0,0,0.0,0.0,5001167.0,0.0,0.0,4440120.0,0.0,0.0,0.0,11111150
160,161,0,0,0,0.0,0.0,5001167.0,0.0,0.0,4440120.0,0.0,0.0,0.0,11111150
161,162,0,0,0,0.0,0.0,5001167.0,0.0,0.0,4440120.0,0.0,0.0,0.0,11111150
162,163,0,0,10004783,0.0,1.0,5001166.0,0.0,0.0,4440120.0,0.0,10004783.0,0.0,11111150
163,164,0,0,0,0.0,5001166.0,0.0,0.0,0.0,4440120.0,0.0,0.0,0.0,11111150
164,165,0,0,0,0.0,0.0,0.0,0.0,0.0,4440120.0,0.0,0.0,0.0,11111150
165,166,0,0,9999852,0.0,0.0,0.0,0.0,0.0,4440120.0,0.0,3331006.0,6668846.0,11111150
166,167,0,0,0,0.0,0.0,0.0,0.0,4440119.0,1.0,0.0,6668846.0,0.0,11111150
167,168,0,0,0,0.0,0.0,0.0,0.0,0.0,1.0,0.0,0.0,0.0,11111150
168,169,0,0,10001485,0.0,0.0,0.0,0.0,0.0,1.0,0.0,0.0,10001485.0,11111150
169,170,0,0,0,0.0,0.0,0.0,0.0,0.0,1.0,0.0,7232938.0,2768547.0,11111150
170,171,0,0,0,0.0,0.0,0.0,0.0,0.0,1.0,0.0,2768547.0,0.0,11111150
171,172,0,0,0,0.0,0.0,0.0,0.0,0.0,1.0,0.0,0.0,0.0,11111150
172,173,0,0,0,0.0,0.0,0.0,0.0,0.0,1.0,0.0,0.0,0.0,11111150
173,174,0,0,0,0.0,0.0,0.0,0.0,0.0,1.0,0.0,0.0,0.0,11111150
174,175,0,0,0,0.0,0.0,0.0,0.0,0.0,1.0,0.0,0.0,0.0,11111150
175,176,0,0,0,0.0,0.0,0.0,0.0,0.0,1.0,0.0,0.0,0.0,11111150
176,177,0,0,0,0.0,0.0,0.0,0.0,0.0,1.0,0.0,0.0,0.0,11111150
177,178,0,0,0,0.0,0.0,0.0,0.0,0.0,1.0,0.0,0.0,0.0,11111150
178,179,0,0,10001175,0.0,0.0,0.0,0.0,0.0,1.0,0.0,8890795.0,1110380.0,11111150
179,180,10000770,0,0,0.0,10000769.0,1.0,0.0,0.0,1.0,0.0,1110380.0,0.0,11111150
