,instance,arrival_pfizer,arrival_moderna,arrival_astrazeneca,first_doses_Pfizer,second_doses_Pfizer,stock_values_Pfizer,first_doses_Moderna,second_doses_Moderna,stock_values_Moderna,first_doses_Astrazeneca,second_doses_Astrazeneca,stock_values_Astrazeneca,capacity
0,1,0,0,0,0.0,0.0,0.0,0.0,0.0,0.0,0.0,0.0,0.0,11122836
1,2,0,0,0,0.0,0.0,0.0,0.0,0.0,0.0,0.0,0.0,0.0,11122836
2,3,10005062,0,0,6125678.0,0.0,3879384.0,0.0,0.0,0.0,0.0,0.0,0.0,11122836
3,4,0,0,0,3879365.0,0.0,19.0,0.0,0.0,0.0,0.0,0.0,0.0,11122836
4,5,0,0,0,0.0,0.0,19.0,0.0,0.0,0.0,0.0,0.0,0.0,11122836
5,6,0,0,0,2.0,0.0,17.0,0.0,0.0,0.0,0.0,0.0,0.0,11122836
6,7,9998955,0,0,3.0,0.0,9998969.0,0.0,0.0,0.0,0.0,0.0,0.0,11122836
7,8,0,0,0,7234229.0,0.0,2764740.0,0.0,0.0,0.0,0.0,0.0,0.0,11122836
8,9,0,0,0,0.0,0.0,2764740.0,0.0,0.0,0.0,0.0,0.0,0.0,11122836
9,10,0,9999586,0,2764740.0,0.0,0.0,2243846.0,0.0,7755740.0,0.0,0.0,0.0,11122836
10,11,0,0,0,0.0,0.0,0.0,0.0,0.0,7755740.0,0.0,0.0,0.0,11122836
11,12,0,0,0,0.0,0.0,0.0,7755740.0,0.0,0.0,0.0,0.0,0.0,11122836
12,13,0,0,0,0.0,0.0,0.0,0.0,0.0,0.0,0.0,0.0,0.0,11122836
13,14,0,0,0,0.0,0.0,0.0,0.0,0.0,0.0,0.0,0.0,0.0,11122836
14,15,10004108,0,0,0.0,0.0,10004108.0,0.0,0.0,0.0,0.0,0.0,0.0,11122836
15,16,0,0,9994620,0.0,0.0,10004108.0,0.0,0.0,0.0,9994620.0,0.0,0.0,11122836
16,17,0,9999125,0,0.0,0.0,10004108.0,4991754.0,0.0,5007371.0,0.0,0.0,0.0,11122836
17,18,10001582,0,9997504,0.0,0.0,20005690.0,0.0,0.0,5007371.0,9997504.0,0.0,0.0,11122836
18,19,0,0,0,0.0,0.0,20005690.0,0.0,0.0,5007371.0,0.0,0.0,0.0,11122836
19,20,0,0,0,0.0,0.0,20005690.0,5007371.0,0.0,0.0,0.0,0.0,0.0,11122836
20,21,0,0,0,10001241.0,0.0,10004449.0,0.0,0.0,0.0,0.0,0.0,0.0,11122836
21,22,0,0,0,0.0,0.0,10004449.0,0.0,0.0,0.0,0.0,0.0,0.0,11122836
22,23,0,0,0,9995067.0,0.0,9382.0,0.0,0.0,0.0,0.0,0.0,0.0,11122836
23,24,9995666,9997023,0,0.0,6125678.0,3879370.0,4997157.0,0.0,4999866.0,0.0,0.0,0.0,11122836
24,25,0,0,9999407,0.0,3879365.0,5.0,0.0,0.0,4999866.0,3876438.0,0.0,6122969.0,11122836
25,26,0,0,0,0.0,0.0,5.0,4999866.0,0.0,0.0,6122969.0,0.0,0.0,11122836
26,27,0,0,0,0.0,2.0,3.0,0.0,0.0,0.0,0.0,0.0,0.0,11122836
27,28,0,0,0,0.0,3.0,0.0,0.0,0.0,0.0,0.0,0.0,0.0,11122836
28,29,9998975,0,10005468,2.0,7234229.0,2764744.0,0.0,0.0,0.0,3888604.0,0.0,6116864.0,11122836
29,30,0,9999585,0,0.0,0.0,2764744.0,5005972.0,0.0,4993613.0,6116864.0,0.0,0.0,11122836
30,31,0,0,9997076,0.0,2764740.0,4.0,0.0,0.0,4993613.0,7256516.0,0.0,2740560.0,11122836
31,32,0,9997727,0,2.0,0.0,2.0,0.0,0.0,14991340.0,2740559.0,0.0,1.0,11122836
32,33,0,0,0,0.0,0.0,2.0,0.0,0.0,14991340.0,1.0,0.0,0.0,11122836
33,34,0,0,0,2.0,0.0,0.0,0.0,0.0,14991340.0,0.0,0.0,0.0,11122836
34,35,0,0,0,0.0,0.0,0.0,0.0,0.0,14991340.0,0.0,0.0,0.0,11122836
35,36,0,0,10003985,0.0,0.0,0.0,0.0,0.0,14991340.0,10003985.0,0.0,0.0,11122836
36,37,0,0,0,0.0,0.0,0.0,0.0,0.0,14991340.0,0.0,0.0,0.0,11122836
37,38,10005257,0,9996571,7760584.0,0.0,2244673.0,0.0,2243846.0,12747494.0,1118406.0,0.0,8878165.0,11122836
38,39,0,0,0,2244670.0,0.0,3.0,0.0,0.0,12747494.0,8878165.0,0.0,0.0,11122836
39,40,0,0,0,0.0,0.0,3.0,0.0,7755740.0,4991754.0,0.0,0.0,0.0,11122836
40,41,0,0,0,0.0,0.0,3.0,0.0,0.0,4991754.0,0.0,0.0,0.0,11122836
41,42,10001241,0,0,1.0,10001241.0,2.0,0.0,0.0,4991754.0,0.0,0.0,0.0,11122836
42,43,0,0,0,2.0,0.0,0.0,0.0,0.0,4991754.0,0.0,0.0,0.0,11122836
43,44,10005076,0,0,0.0,9995067.0,10009.0,0.0,0.0,4991754.0,0.0,0.0,0.0,11122836
44,45,0,0,0,0.0,0.0,10009.0,0.0,4991754.0,0.0,0.0,0.0,0.0,11122836
45,46,0,0,0,0.0,0.0,10009.0,0.0,0.0,0.0,0.0,0.0,0.0,11122836
46,47,0,0,0,0.0,0.0,10009.0,0.0,0.0,0.0,0.0,0.0,0.0,11122836
47,48,0,10004528,0,0.0,0.0,10009.0,0.0,5007371.0,4997157.0,0.0,0.0,0.0,11122836
48,49,10000208,0,0,0.0,0.0,10010217.0,0.0,0.0,4997157.0,0.0,0.0,0.0,11122836
49,50,0,0,9994902,0.0,2.0,10010215.0,0.0,0.0,4997157.0,9994901.0,0.0,1.0,11122836
50,51,0,0,0,7242423.0,0.0,2767792.0,0.0,0.0,4997157.0,0.0,0.0,1.0,11122836
51,52,0,0,0,2762153.0,0.0,5639.0,0.0,4997157.0,0.0,0.0,0.0,1.0,11122836
52,53,0,0,10000792,0.0,2.0,5637.0,0.0,0.0,0.0,10000793.0,0.0,0.0,11122836
53,54,0,10005839,9999031,5632.0,0.0,5.0,1.0,4999866.0,5005972.0,5007586.0,0.0,4991445.0,11122836
54,55,0,0,0,0.0,2.0,3.0,0.0,0.0,5005972.0,0.0,0.0,4991445.0,11122836
55,56,0,0,0,0.0,0.0,3.0,0.0,0.0,5005972.0,0.0,0.0,4991445.0,11122836
56,57,9998953,0,0,9991004.0,0.0,7952.0,0.0,0.0,5005972.0,0.0,0.0,4991445.0,11122836
57,58,0,0,0,2.0,0.0,7950.0,0.0,5005972.0,0.0,0.0,0.0,4991445.0,11122836
58,59,9997307,0,0,0.0,7760584.0,2244673.0,0.0,0.0,0.0,0.0,0.0,4991445.0,11122836
59,60,0,0,0,0.0,2244670.0,3.0,0.0,0.0,0.0,0.0,0.0,4991445.0,11122836
60,61,0,0,10003242,0.0,0.0,3.0,0.0,0.0,0.0,0.0,0.0,14994687.0,11122836
61,62,0,0,10003982,0.0,0.0,3.0,0.0,0.0,0.0,0.0,0.0,24998669.0,11122836
62,63,0,0,0,0.0,1.0,2.0,0.0,0.0,0.0,10002121.0,0.0,14996548.0,11122836
63,64,0,0,0,0.0,2.0,0.0,0.0,0.0,0.0,0.0,0.0,14996548.0,11122836
64,65,0,0,0,0.0,0.0,0.0,0.0,0.0,0.0,0.0,0.0,14996548.0,11122836
65,66,0,0,0,0.0,0.0,0.0,0.0,0.0,0.0,0.0,0.0,14996548.0,11122836
66,67,0,0,0,0.0,0.0,0.0,0.0,0.0,0.0,0.0,0.0,14996548.0,11122836
67,68,0,0,0,0.0,0.0,0.0,0.0,0.0,0.0,0.0,0.0,14996548.0,11122836
68,69,0,0,0,0.0,0.0,0.0,0.0,0.0,0.0,0.0,0.0,14996548.0,11122836
69,70,0,0,0,0.0,0.0,0.0,0.0,0.0,0.0,0.0,0.0,14996548.0,11122836
70,71,0,10001993,0,0.0,0.0,0.0,6121579.0,0.0,3880414.0,0.0,0.0,14996548.0,11122836
71,72,10004576,0,0,0.0,7242423.0,2762153.0,3880413.0,0.0,1.0,0.0,0.0,14996548.0,11122836
72,73,0,0,0,0.0,2762153.0,0.0,0.0,0.0,1.0,0.0,0.0,14996548.0,11122836
73,74,0,0,0,0.0,0.0,0.0,0.0,0.0,1.0,0.0,0.0,14996548.0,11122836
74,75,9998853,10001787,0,0.0,5632.0,9993221.0,0.0,0.0,10001788.0,10002094.0,0.0,4994454.0,11122836
75,76,9997360,0,0,0.0,0.0,19990581.0,0.0,0.0,10001788.0,0.0,0.0,4994454.0,11122836
76,77,0,0,0,0.0,0.0,19990581.0,10001787.0,0.0,1.0,0.0,0.0,4994454.0,11122836
77,78,0,0,0,0.0,9991004.0,9999577.0,0.0,0.0,1.0,0.0,0.0,4994454.0,11122836
78,79,0,0,0,0.0,2.0,9999575.0,0.0,0.0,1.0,0.0,0.0,4994454.0,11122836
79,80,0,0,10001416,2247828.0,0.0,7751747.0,0.0,0.0,1.0,0.0,0.0,14995870.0,11122836
80,81,0,0,0,2.0,0.0,7751745.0,0.0,0.0,1.0,0.0,0.0,14995870.0,11122836
81,82,0,0,0,4997103.0,0.0,2754642.0,0.0,1.0,0.0,0.0,0.0,14995870.0,11122836
82,83,0,0,0,1136286.0,0.0,1618356.0,0.0,0.0,0.0,0.0,0.0,14995870.0,11122836
83,84,0,0,0,0.0,0.0,1618356.0,0.0,0.0,0.0,0.0,0.0,14995870.0,11122836
84,85,0,0,0,1618353.0,0.0,3.0,0.0,0.0,0.0,0.0,0.0,14995870.0,11122836
85,86,0,0,0,0.0,0.0,3.0,0.0,0.0,0.0,0.0,0.0,14995870.0,11122836
86,87,0,0,0,0.0,0.0,3.0,0.0,0.0,0.0,0.0,0.0,14995870.0,11122836
87,88,0,0,9997486,0.0,0.0,3.0,0.0,0.0,0.0,0.0,0.0,24993356.0,11122836
88,89,0,0,0,0.0,0.0,3.0,0.0,0.0,0.0,0.0,0.0,24993356.0,11122836
89,90,0,0,0,0.0,0.0,3.0,0.0,0.0,0.0,0.0,0.0,24993356.0,11122836
90,91,0,0,10009868,0.0,0.0,3.0,0.0,0.0,0.0,0.0,0.0,35003224.0,11122836
91,92,9999490,0,0,9998172.0,0.0,1321.0,0.0,0.0,0.0,0.0,0.0,35003224.0,11122836
92,93,10003070,0,0,3.0,0.0,10004388.0,0.0,0.0,0.0,0.0,0.0,35003224.0,11122836
93,94,0,0,0,0.0,0.0,10004388.0,0.0,0.0,0.0,0.0,9994620.0,25008604.0,11122836
94,95,0,0,0,10004387.0,0.0,1.0,0.0,0.0,0.0,0.0,0.0,25008604.0,11122836
95,96,0,0,0,0.0,0.0,1.0,0.0,0.0,0.0,0.0,9997504.0,15011100.0,11122836
96,97,0,0,0,0.0,0.0,1.0,0.0,0.0,0.0,0.0,0.0,15011100.0,11122836
97,98,0,0,0,0.0,0.0,1.0,0.0,0.0,0.0,9999089.0,0.0,5012011.0,11122836
98,99,0,10005809,0,0.0,0.0,1.0,3884230.0,6121579.0,0.0,0.0,0.0,5012011.0,11122836
99,100,0,9996791,0,0.0,0.0,1.0,1127935.0,3880413.0,4988443.0,0.0,0.0,5012011.0,11122836
100,101,10002482,0,0,7754653.0,2247828.0,2.0,0.0,0.0,4988443.0,0.0,0.0,5012011.0,11122836
101,102,0,0,10001366,0.0,2.0,0.0,0.0,0.0,4988443.0,0.0,0.0,15013377.0,11122836
102,103,10001291,0,0,2249295.0,4997103.0,2754893.0,0.0,0.0,4988443.0,0.0,3876438.0,11136939.0,11122836
103,104,0,0,0,0.0,1136286.0,1618607.0,3863580.0,0.0,1124863.0,0.0,6122969.0,5013970.0,11122836
104,105,9997926,9997973,0,0.0,0.0,11616533.0,1121049.0,10001787.0,0.0,0.0,0.0,5013970.0,11122836
105,106,0,0,0,1.0,1618353.0,9998179.0,0.0,0.0,0.0,0.0,0.0,5013970.0,11122836
106,107,0,10002502,10000254,0.0,0.0,9998179.0,5012894.0,0.0,4989608.0,0.0,3888604.0,11125620.0,11122836
107,108,0,0,9998791,0.0,0.0,9998179.0,0.0,0.0,4989608.0,0.0,6116864.0,15007547.0,11122836
108,109,0,0,0,0.0,0.0,9998179.0,3866320.0,0.0,1123288.0,0.0,7256516.0,7751031.0,11122836
109,110,0,0,0,0.0,0.0,9998179.0,1123288.0,0.0,0.0,0.0,2740559.0,5010472.0,11122836
110,111,0,0,9999207,0.0,0.0,9998179.0,0.0,0.0,0.0,0.0,1.0,15009678.0,11122836
111,112,0,10002022,0,1.0,0.0,9998178.0,5004200.0,0.0,4997822.0,0.0,0.0,15009678.0,11122836
112,113,0,0,0,0.0,9998172.0,6.0,0.0,0.0,4997822.0,0.0,0.0,15009678.0,11122836
113,114,0,0,0,0.0,3.0,3.0,0.0,0.0,4997822.0,0.0,10003985.0,5005693.0,11122836
114,115,0,0,10000297,0.0,0.0,3.0,0.0,0.0,4997822.0,0.0,0.0,15005990.0,11122836
115,116,10006374,0,0,43.0,10004387.0,1947.0,0.0,0.0,4997822.0,0.0,1118406.0,13887584.0,11122836
116,117,0,0,0,2.0,0.0,1945.0,0.0,0.0,4997822.0,0.0,8878165.0,5009419.0,11122836
117,118,10002006,0,0,1.0,0.0,10003950.0,0.0,0.0,4997822.0,0.0,0.0,5009419.0,11122836
118,119,0,0,9996696,0.0,0.0,10003950.0,0.0,0.0,4997822.0,0.0,0.0,15006115.0,11122836
119,120,0,0,0,0.0,0.0,10003950.0,1114105.0,0.0,3883717.0,0.0,0.0,15006115.0,11122836
120,121,0,0,0,0.0,0.0,10003950.0,0.0,0.0,3883717.0,0.0,0.0,15006115.0,11122836
121,122,0,10001989,0,0.0,7754653.0,2249297.0,0.0,0.0,13885706.0,0.0,0.0,15006115.0,11122836
122,123,0,0,9997165,0.0,0.0,2249297.0,0.0,0.0,13885706.0,0.0,0.0,25003280.0,11122836
123,124,0,0,0,0.0,2249295.0,2.0,8873541.0,0.0,5012165.0,0.0,0.0,25003280.0,11122836
124,125,0,0,0,0.0,0.0,2.0,0.0,0.0,5012165.0,0.0,0.0,25003280.0,11122836
125,126,0,0,0,0.0,0.0,2.0,0.0,0.0,5012165.0,0.0,0.0,25003280.0,11122836
126,127,0,0,0,0.0,1.0,1.0,0.0,3884230.0,1127935.0,0.0,0.0,25003280.0,11122836
127,128,0,0,0,0.0,0.0,1.0,0.0,1127935.0,0.0,0.0,9994901.0,15008379.0,11122836
128,129,0,0,0,0.0,0.0,1.0,0.0,0.0,0.0,0.0,0.0,15008379.0,11122836
129,130,0,0,0,0.0,0.0,1.0,0.0,0.0,0.0,0.0,0.0,15008379.0,11122836
130,131,0,9997523,0,0.0,0.0,1.0,0.0,0.0,9997523.0,0.0,10000793.0,5007586.0,11122836
131,132,0,0,0,0.0,0.0,1.0,0.0,3863580.0,6133943.0,0.0,5007586.0,0.0,11122836
132,133,0,0,0,0.0,1.0,0.0,0.0,1121049.0,5012894.0,0.0,0.0,0.0,11122836
133,134,0,0,0,0.0,0.0,0.0,0.0,0.0,5012894.0,0.0,0.0,0.0,11122836
134,135,0,0,0,0.0,0.0,0.0,0.0,5012894.0,0.0,0.0,0.0,0.0,11122836
135,136,10001681,0,0,0.0,0.0,10001681.0,0.0,0.0,0.0,0.0,0.0,0.0,11122836
136,137,0,10001744,0,0.0,43.0,10001638.0,0.0,3866320.0,6135424.0,0.0,0.0,0.0,11122836
137,138,0,9991610,0,0.0,2.0,10001636.0,9999546.0,1123288.0,5004200.0,0.0,0.0,0.0,11122836
138,139,0,0,0,0.0,1.0,10001635.0,0.0,0.0,5004200.0,0.0,0.0,0.0,11122836
139,140,0,0,0,0.0,0.0,10001635.0,0.0,5004200.0,0.0,0.0,0.0,0.0,11122836
140,141,0,0,10002122,0.0,0.0,10001635.0,0.0,0.0,0.0,0.0,10002121.0,1.0,11122836
141,142,0,0,0,0.0,0.0,10001635.0,0.0,0.0,0.0,0.0,0.0,1.0,11122836
142,143,0,0,0,10001635.0,0.0,0.0,0.0,0.0,0.0,0.0,0.0,1.0,11122836
143,144,0,0,0,0.0,0.0,0.0,0.0,0.0,0.0,0.0,0.0,1.0,11122836
144,145,0,0,0,0.0,0.0,0.0,0.0,0.0,0.0,0.0,0.0,1.0,11122836
145,146,0,0,0,0.0,0.0,0.0,0.0,0.0,0.0,0.0,0.0,1.0,11122836
146,147,0,0,0,0.0,0.0,0.0,0.0,0.0,0.0,0.0,0.0,1.0,11122836
147,148,0,9994830,0,0.0,0.0,0.0,0.0,1114105.0,8880725.0,0.0,0.0,1.0,11122836
148,149,10004624,0,0,10004624.0,0.0,0.0,0.0,0.0,8880725.0,0.0,0.0,1.0,11122836
149,150,0,0,0,0.0,0.0,0.0,1122823.0,0.0,7757902.0,0.0,0.0,1.0,11122836
150,151,10000737,0,0,1128.0,0.0,9999609.0,7757902.0,0.0,0.0,0.0,0.0,1.0,11122836
151,152,0,9994803,0,2.0,0.0,9999607.0,1121261.0,8873541.0,1.0,0.0,0.0,1.0,11122836
152,153,0,0,10002094,0.0,0.0,9999607.0,0.0,0.0,1.0,0.0,10002094.0,1.0,11122836
153,154,0,0,0,0.0,0.0,9999607.0,0.0,0.0,1.0,0.0,0.0,1.0,11122836
154,155,0,0,0,0.0,0.0,9999607.0,0.0,0.0,1.0,0.0,0.0,1.0,11122836
155,156,10001977,0,0,0.0,0.0,20001584.0,0.0,0.0,1.0,0.0,0.0,1.0,11122836
156,157,0,0,0,10000013.0,0.0,10001571.0,0.0,0.0,1.0,0.0,0.0,1.0,11122836
157,158,0,0,0,0.0,0.0,10001571.0,0.0,0.0,1.0,0.0,0.0,1.0,11122836
158,159,0,0,0,10001571.0,0.0,0.0,0.0,0.0,1.0,0.0,0.0,1.0,11122836
159,160,0,0,0,0.0,0.0,0.0,0.0,0.0,1.0,0.0,0.0,1.0,11122836
160,161,0,0,0,0.0,0.0,0.0,0.0,0.0,1.0,0.0,0.0,1.0,11122836
161,162,0,0,0,0.0,0.0,0.0,0.0,0.0,1.0,0.0,0.0,1.0,11122836
162,163,0,0,0,0.0,0.0,0.0,0.0,0.0,1.0,0.0,0.0,1.0,11122836
163,164,10004314,0,0,0.0,10001635.0,2679.0,0.0,0.0,1.0,0.0,0.0,1.0,11122836
164,165,0,0,0,0.0,0.0,2679.0,0.0,0.0,1.0,0.0,0.0,1.0,11122836
165,166,0,9999545,0,0.0,0.0,2679.0,0.0,9999546.0,0.0,0.0,0.0,1.0,11122836
166,167,0,0,0,0.0,0.0,2679.0,0.0,0.0,0.0,0.0,0.0,1.0,11122836
167,168,0,0,0,0.0,0.0,2679.0,0.0,0.0,0.0,0.0,0.0,1.0,11122836
168,169,0,0,0,0.0,0.0,2679.0,0.0,0.0,0.0,0.0,0.0,1.0,11122836
169,170,10003075,0,0,0.0,10004624.0,1130.0,0.0,0.0,0.0,0.0,0.0,1.0,11122836
170,171,0,0,0,0.0,0.0,1130.0,0.0,0.0,0.0,0.0,0.0,1.0,11122836
171,172,0,0,0,0.0,1128.0,2.0,0.0,0.0,0.0,0.0,0.0,1.0,11122836
172,173,0,0,0,0.0,2.0,0.0,0.0,0.0,0.0,0.0,0.0,1.0,11122836
173,174,0,0,0,0.0,0.0,0.0,0.0,0.0,0.0,0.0,0.0,1.0,11122836
174,175,0,0,0,0.0,0.0,0.0,0.0,0.0,0.0,0.0,0.0,1.0,11122836
175,176,0,0,9999089,0.0,0.0,0.0,0.0,0.0,0.0,0.0,9999089.0,1.0,11122836
176,177,0,0,0,0.0,0.0,0.0,0.0,0.0,0.0,0.0,0.0,1.0,11122836
177,178,10000013,10001987,0,0.0,10000013.0,0.0,0.0,1122823.0,8879164.0,0.0,0.0,1.0,11122836
178,179,0,0,0,0.0,0.0,0.0,0.0,7757902.0,1121262.0,0.0,0.0,1.0,11122836
179,180,10001574,0,0,0.0,10001571.0,3.0,0.0,1121261.0,1.0,0.0,0.0,1.0,11122836
