,instance,arrival_pfizer,arrival_moderna,arrival_astrazeneca,first_doses_Pfizer,second_doses_Pfizer,stock_values_Pfizer,first_doses_Moderna,second_doses_Moderna,stock_values_Moderna,first_doses_Astrazeneca,second_doses_Astrazeneca,stock_values_Astrazeneca,capacity
0,1,0,0,0,0.0,0.0,0.0,0.0,0.0,0.0,0.0,0.0,0.0,11700728
1,2,9995032,0,0,9995031.0,0.0,1.0,0.0,0.0,0.0,0.0,0.0,0.0,11700728
2,3,0,10005062,0,1.0,0.0,0.0,9996744.0,0.0,8318.0,0.0,0.0,0.0,11700728
3,4,0,0,0,0.0,0.0,0.0,0.0,0.0,8318.0,0.0,0.0,0.0,11700728
4,5,0,0,0,0.0,0.0,0.0,0.0,0.0,8318.0,0.0,0.0,0.0,11700728
5,6,0,0,0,0.0,0.0,0.0,2.0,0.0,8316.0,0.0,0.0,0.0,11700728
6,7,0,9998955,0,0.0,0.0,0.0,0.0,0.0,10007271.0,0.0,0.0,0.0,11700728
7,8,0,0,0,0.0,0.0,0.0,0.0,0.0,10007271.0,0.0,0.0,0.0,11700728
8,9,0,0,0,0.0,0.0,0.0,0.0,0.0,10007271.0,0.0,0.0,0.0,11700728
9,10,0,0,9999586,0.0,0.0,0.0,10005254.0,0.0,2017.0,0.0,0.0,9999586.0,11700728
10,11,0,0,0,0.0,0.0,0.0,0.0,0.0,2017.0,0.0,0.0,9999586.0,11700728
11,12,0,0,0,0.0,0.0,0.0,2.0,0.0,2015.0,0.0,0.0,9999586.0,11700728
12,13,0,0,0,0.0,0.0,0.0,0.0,0.0,2015.0,0.0,0.0,9999586.0,11700728
13,14,10001268,0,0,10001268.0,0.0,0.0,2015.0,0.0,0.0,0.0,0.0,9999586.0,11700728
14,15,0,10004108,0,0.0,0.0,0.0,9999223.0,0.0,4885.0,0.0,0.0,9999586.0,11700728
15,16,0,0,0,0.0,0.0,0.0,4882.0,0.0,3.0,0.0,0.0,9999586.0,11700728
16,17,10003760,0,9999125,9523.0,0.0,9994237.0,0.0,0.0,3.0,0.0,0.0,19998711.0,11700728
17,18,10004362,10001582,0,0.0,0.0,19998599.0,1703160.0,0.0,8298425.0,0.0,0.0,19998711.0,11700728
18,19,0,0,0,0.0,0.0,19998599.0,3405907.0,0.0,4892518.0,0.0,0.0,19998711.0,11700728
19,20,0,0,0,0.0,0.0,19998599.0,4887979.0,0.0,4539.0,0.0,0.0,19998711.0,11700728
20,21,0,0,0,0.0,0.0,19998599.0,4539.0,0.0,0.0,11632.0,0.0,19987079.0,11700728
21,22,0,0,0,0.0,0.0,19998599.0,0.0,0.0,0.0,0.0,0.0,19987079.0,11700728
22,23,0,0,0,0.0,9995031.0,10003568.0,0.0,0.0,0.0,0.0,0.0,19987079.0,11700728
23,24,10005450,9995666,9997023,0.0,1.0,20009017.0,9995661.0,0.0,5.0,0.0,0.0,29984102.0,11700728
24,25,0,0,0,9997568.0,0.0,10011449.0,0.0,0.0,5.0,0.0,0.0,29984102.0,11700728
25,26,0,0,0,8294821.0,0.0,1716628.0,0.0,0.0,5.0,0.0,0.0,29984102.0,11700728
26,27,0,0,0,1702753.0,0.0,13875.0,0.0,0.0,5.0,9997973.0,0.0,19986129.0,11700728
27,28,0,0,0,0.0,0.0,13875.0,0.0,0.0,5.0,0.0,0.0,19986129.0,11700728
28,29,0,9998975,0,0.0,0.0,13875.0,2231.0,0.0,9996749.0,10002502.0,0.0,9983627.0,11700728
29,30,0,0,9999585,0.0,0.0,13875.0,0.0,0.0,9996749.0,1.0,0.0,19983211.0,11700728
30,31,0,0,0,0.0,0.0,13875.0,3.0,9996744.0,2.0,0.0,0.0,19983211.0,11700728
31,32,0,0,9997727,0.0,0.0,13875.0,0.0,0.0,2.0,0.0,0.0,29980938.0,11700728
32,33,9996917,0,0,0.0,0.0,10010792.0,0.0,0.0,2.0,0.0,0.0,29980938.0,11700728
33,34,0,0,0,1.0,0.0,10010791.0,0.0,2.0,0.0,10002022.0,0.0,19978916.0,11700728
34,35,0,0,0,0.0,10001268.0,9523.0,0.0,0.0,0.0,0.0,0.0,19978916.0,11700728
35,36,0,0,0,0.0,0.0,9523.0,0.0,0.0,0.0,0.0,0.0,19978916.0,11700728
36,37,0,0,0,0.0,0.0,9523.0,0.0,0.0,0.0,0.0,0.0,19978916.0,11700728
37,38,0,10005257,0,0.0,9523.0,0.0,0.0,10005254.0,3.0,0.0,0.0,19978916.0,11700728
38,39,0,0,0,0.0,0.0,0.0,0.0,0.0,3.0,0.0,0.0,19978916.0,11700728
39,40,0,0,0,0.0,0.0,0.0,0.0,2.0,1.0,0.0,0.0,19978916.0,11700728
40,41,0,0,0,0.0,0.0,0.0,0.0,0.0,1.0,0.0,0.0,19978916.0,11700728
41,42,0,10001241,0,0.0,0.0,0.0,1.0,2015.0,9999226.0,0.0,0.0,19978916.0,11700728
42,43,0,0,0,0.0,0.0,0.0,0.0,9999223.0,3.0,0.0,0.0,19978916.0,11700728
43,44,0,10005076,0,0.0,0.0,0.0,3148.0,4882.0,9997049.0,10001988.0,0.0,9976928.0,11700728
44,45,0,0,0,0.0,0.0,0.0,0.0,0.0,9997049.0,0.0,0.0,9976928.0,11700728
45,46,9997568,0,0,0.0,9997568.0,0.0,0.0,1703160.0,8293889.0,0.0,0.0,9976928.0,11700728
46,47,9997576,0,0,0.0,8294821.0,1702755.0,0.0,3405907.0,4887982.0,0.0,0.0,9976928.0,11700728
47,48,0,0,10004528,0.0,1702753.0,2.0,0.0,4887979.0,3.0,1.0,0.0,19981455.0,11700728
48,49,0,10000208,0,0.0,0.0,2.0,2.0,4539.0,9995670.0,0.0,0.0,19981455.0,11700728
49,50,0,0,0,0.0,0.0,2.0,0.0,0.0,9995670.0,0.0,0.0,19981455.0,11700728
50,51,0,0,0,0.0,0.0,2.0,4.0,0.0,9995666.0,0.0,0.0,19981455.0,11700728
51,52,0,0,0,0.0,0.0,2.0,0.0,9995661.0,5.0,0.0,0.0,19981455.0,11700728
52,53,0,0,0,0.0,0.0,2.0,0.0,0.0,5.0,9997522.0,0.0,9983933.0,11700728
53,54,0,0,10005839,0.0,0.0,2.0,0.0,0.0,5.0,0.0,0.0,19989772.0,11700728
54,55,10003549,0,0,0.0,1.0,10003550.0,2.0,0.0,3.0,0.0,0.0,19989772.0,11700728
55,56,9999743,0,0,0.0,0.0,20003293.0,0.0,0.0,3.0,0.0,0.0,19989772.0,11700728
56,57,0,9998953,0,0.0,0.0,20003293.0,1.0,2231.0,9996724.0,0.0,0.0,19989772.0,11700728
57,58,0,0,0,0.0,0.0,20003293.0,2.0,0.0,9996722.0,0.0,0.0,19989772.0,11700728
58,59,0,9997307,0,0.0,0.0,20003293.0,0.0,3.0,19994026.0,10001744.0,0.0,9988028.0,11700728
59,60,0,0,0,1.0,0.0,20003292.0,0.0,0.0,19994026.0,8289040.0,0.0,1698988.0,11700728
60,61,0,0,0,0.0,0.0,20003292.0,0.0,0.0,19994026.0,1698987.0,0.0,1.0,11700728
61,62,0,0,0,8403800.0,0.0,11599492.0,0.0,0.0,19994026.0,0.0,0.0,1.0,11700728
62,63,0,0,0,0.0,0.0,11599492.0,0.0,0.0,19994026.0,0.0,0.0,1.0,11700728
63,64,0,0,0,0.0,0.0,11599492.0,9999489.0,0.0,9994537.0,0.0,0.0,1.0,11700728
64,65,0,0,0,8301190.0,0.0,3298302.0,3399536.0,0.0,6595001.0,0.0,0.0,1.0,11700728
65,66,10005823,0,0,1.0,0.0,13304124.0,6595000.0,0.0,1.0,0.0,0.0,1.0,11700728
66,67,0,0,0,0.0,0.0,13304124.0,0.0,0.0,1.0,0.0,0.0,1.0,11700728
67,68,0,0,0,10003167.0,0.0,3300957.0,0.0,0.0,1.0,0.0,0.0,1.0,11700728
68,69,0,0,0,3300957.0,0.0,0.0,0.0,0.0,1.0,0.0,0.0,1.0,11700728
69,70,0,0,0,0.0,0.0,0.0,0.0,1.0,0.0,0.0,0.0,1.0,11700728
70,71,0,0,10001993,0.0,0.0,0.0,0.0,0.0,0.0,9998413.0,0.0,3581.0,11700728
71,72,0,10004576,0,0.0,0.0,0.0,0.0,3148.0,10001428.0,0.0,0.0,3581.0,11700728
72,73,0,0,0,0.0,0.0,0.0,10001428.0,0.0,0.0,0.0,0.0,3581.0,11700728
73,74,0,0,0,0.0,0.0,0.0,0.0,0.0,0.0,3581.0,0.0,0.0,11700728
74,75,0,9998853,10001787,0.0,0.0,0.0,1709499.0,0.0,8289354.0,9991223.0,0.0,10564.0,11700728
75,76,0,9997360,0,0.0,0.0,0.0,8292842.0,0.0,9993872.0,0.0,0.0,10564.0,11700728
76,77,0,0,0,0.0,0.0,0.0,1702754.0,2.0,8291116.0,0.0,0.0,10564.0,11700728
77,78,0,0,0,0.0,0.0,0.0,8291105.0,0.0,11.0,0.0,0.0,10564.0,11700728
78,79,0,0,0,0.0,0.0,0.0,0.0,4.0,7.0,0.0,0.0,10564.0,11700728
79,80,0,0,0,0.0,0.0,0.0,0.0,0.0,7.0,0.0,0.0,10564.0,11700728
80,81,9991333,0,0,9991332.0,1.0,0.0,0.0,0.0,7.0,0.0,0.0,10564.0,11700728
81,82,0,0,0,0.0,0.0,0.0,0.0,0.0,7.0,0.0,0.0,10564.0,11700728
82,83,9997324,0,0,1593524.0,8403800.0,0.0,0.0,2.0,5.0,0.0,0.0,10564.0,11700728
83,84,0,0,0,0.0,0.0,0.0,0.0,0.0,5.0,0.0,0.0,10564.0,11700728
84,85,0,0,0,0.0,0.0,0.0,0.0,1.0,4.0,0.0,0.0,10564.0,11700728
85,86,9999416,0,0,1698225.0,8301190.0,1.0,0.0,2.0,2.0,0.0,0.0,10564.0,11700728
86,87,0,0,0,0.0,1.0,0.0,0.0,0.0,2.0,0.0,0.0,10564.0,11700728
87,88,0,0,0,0.0,0.0,0.0,0.0,0.0,2.0,10564.0,0.0,0.0,11700728
88,89,10003168,0,0,1.0,10003167.0,0.0,0.0,0.0,2.0,0.0,0.0,0.0,11700728
89,90,10000618,0,0,1.0,3300957.0,6699660.0,0.0,0.0,2.0,0.0,0.0,0.0,11700728
90,91,0,0,0,0.0,0.0,6699660.0,0.0,0.0,2.0,0.0,0.0,0.0,11700728
91,92,9999923,9999490,0,1701239.0,0.0,14998344.0,0.0,9999489.0,3.0,0.0,0.0,0.0,11700728
92,93,0,10003070,0,1715261.0,0.0,13283083.0,8530.0,3399536.0,6595007.0,0.0,0.0,0.0,11700728
93,94,0,0,0,0.0,0.0,13283083.0,0.0,6595000.0,7.0,0.0,0.0,0.0,11700728
94,95,0,0,0,0.0,0.0,13283083.0,0.0,0.0,7.0,0.0,0.0,0.0,11700728
95,96,0,0,0,0.0,0.0,13283083.0,0.0,0.0,7.0,0.0,0.0,0.0,11700728
96,97,0,0,0,0.0,0.0,13283083.0,0.0,0.0,7.0,0.0,0.0,0.0,11700728
97,98,0,0,0,0.0,0.0,13283083.0,2.0,0.0,5.0,0.0,0.0,0.0,11700728
98,99,0,0,10005809,0.0,0.0,13283083.0,0.0,0.0,5.0,9988981.0,11632.0,5196.0,11700728
99,100,0,0,9996791,0.0,0.0,13283083.0,0.0,0.0,5.0,8305832.0,0.0,1696155.0,11700728
100,101,0,10002482,0,0.0,0.0,13283083.0,0.0,10001428.0,1059.0,1696154.0,0.0,1.0,11700728
101,102,0,0,0,0.0,9991332.0,3291751.0,0.0,0.0,1059.0,0.0,0.0,1.0,11700728
102,103,0,10001291,0,0.0,0.0,3291751.0,1.0,1709499.0,8292850.0,0.0,0.0,1.0,11700728
103,104,0,0,0,0.0,1593524.0,1698227.0,4.0,8292842.0,4.0,0.0,0.0,1.0,11700728
104,105,0,9997926,9997973,0.0,0.0,1698227.0,0.0,1702754.0,8295176.0,0.0,9997973.0,1.0,11700728
105,106,0,0,0,0.0,0.0,1698227.0,0.0,8291105.0,4071.0,0.0,0.0,1.0,11700728
106,107,0,0,10002502,0.0,1698225.0,2.0,0.0,0.0,4071.0,0.0,10002502.0,1.0,11700728
107,108,0,0,0,0.0,0.0,2.0,1.0,0.0,4070.0,0.0,1.0,0.0,11700728
108,109,0,0,0,0.0,0.0,2.0,0.0,0.0,4070.0,0.0,0.0,0.0,11700728
109,110,0,0,0,0.0,1.0,1.0,0.0,0.0,4070.0,0.0,0.0,0.0,11700728
110,111,0,0,0,0.0,1.0,0.0,0.0,0.0,4070.0,0.0,0.0,0.0,11700728
111,112,0,0,10002022,0.0,0.0,0.0,2.0,0.0,4068.0,0.0,10002022.0,0.0,11700728
112,113,10004867,0,0,0.0,1701239.0,8303628.0,0.0,0.0,4068.0,0.0,0.0,0.0,11700728
113,114,0,0,0,6588367.0,1715261.0,0.0,0.0,0.0,4068.0,0.0,0.0,0.0,11700728
114,115,0,0,0,0.0,0.0,0.0,0.0,0.0,4068.0,0.0,0.0,0.0,11700728
115,116,0,10006374,0,0.0,0.0,0.0,0.0,0.0,10010442.0,0.0,0.0,0.0,11700728
116,117,0,0,0,0.0,0.0,0.0,0.0,0.0,10010442.0,0.0,0.0,0.0,11700728
117,118,10001741,10002006,0,10001740.0,0.0,1.0,0.0,0.0,20012448.0,0.0,0.0,0.0,11700728
118,119,0,0,0,0.0,0.0,1.0,0.0,0.0,20012448.0,0.0,0.0,0.0,11700728
119,120,0,0,0,1.0,0.0,0.0,0.0,0.0,20012448.0,0.0,0.0,0.0,11700728
120,121,0,0,0,0.0,0.0,0.0,0.0,8530.0,20003918.0,0.0,0.0,0.0,11700728
121,122,0,0,10001989,0.0,0.0,0.0,0.0,0.0,20003918.0,0.0,10001988.0,1.0,11700728
122,123,0,0,0,0.0,0.0,0.0,0.0,0.0,20003918.0,0.0,0.0,1.0,11700728
123,124,0,0,0,0.0,0.0,0.0,0.0,0.0,20003918.0,0.0,0.0,1.0,11700728
124,125,0,0,0,0.0,0.0,0.0,0.0,0.0,20003918.0,0.0,0.0,1.0,11700728
125,126,0,0,0,0.0,0.0,0.0,0.0,2.0,20003916.0,0.0,1.0,0.0,11700728
126,127,0,0,0,0.0,0.0,0.0,0.0,0.0,20003916.0,0.0,0.0,0.0,11700728
127,128,0,0,0,0.0,0.0,0.0,9988971.0,0.0,10014945.0,0.0,0.0,0.0,11700728
128,129,0,0,0,0.0,0.0,0.0,13003.0,0.0,10001942.0,0.0,0.0,0.0,11700728
129,130,0,0,0,0.0,0.0,0.0,0.0,0.0,10001942.0,0.0,0.0,0.0,11700728
130,131,0,0,9997523,0.0,0.0,0.0,0.0,1.0,10001941.0,0.0,9997522.0,1.0,11700728
131,132,0,0,0,0.0,0.0,0.0,1.0,4.0,10001936.0,0.0,0.0,1.0,11700728
132,133,9998399,0,0,9998399.0,0.0,0.0,0.0,0.0,10001936.0,0.0,0.0,1.0,11700728
133,134,0,0,0,0.0,0.0,0.0,2.0,0.0,10001934.0,0.0,0.0,1.0,11700728
134,135,9996538,0,0,1711757.0,6588367.0,1696414.0,0.0,0.0,10001934.0,0.0,0.0,1.0,11700728
135,136,0,10001681,0,1696414.0,0.0,0.0,10004313.0,1.0,9999301.0,0.0,0.0,1.0,11700728
136,137,9999008,0,10001744,1698984.0,0.0,8300024.0,0.0,0.0,9999301.0,0.0,10001744.0,1.0,11700728
137,138,0,0,9991610,3411688.0,0.0,4888336.0,0.0,0.0,9999301.0,0.0,8289040.0,1702571.0,11700728
138,139,9998921,0,0,1.0,10001740.0,4885516.0,0.0,0.0,9999301.0,0.0,1698987.0,3584.0,11700728
139,140,0,0,0,3183947.0,0.0,1701569.0,0.0,2.0,9999299.0,0.0,0.0,3584.0,11700728
140,141,9996814,0,0,0.0,1.0,11698382.0,0.0,0.0,9999299.0,0.0,0.0,3584.0,11700728
141,142,0,0,0,0.0,0.0,11698382.0,9999299.0,0.0,0.0,0.0,0.0,3584.0,11700728
142,143,0,0,0,0.0,0.0,11698382.0,0.0,0.0,0.0,0.0,0.0,3584.0,11700728
143,144,0,0,0,9999841.0,0.0,1698541.0,0.0,0.0,0.0,0.0,0.0,3584.0,11700728
144,145,0,0,0,0.0,0.0,1698541.0,0.0,0.0,0.0,0.0,0.0,3584.0,11700728
145,146,0,0,0,0.0,0.0,1698541.0,0.0,0.0,0.0,0.0,0.0,3584.0,11700728
146,147,0,0,0,0.0,0.0,1698541.0,0.0,0.0,0.0,0.0,0.0,3584.0,11700728
147,148,0,0,9994830,0.0,0.0,1698541.0,0.0,0.0,0.0,0.0,0.0,9998414.0,11700728
148,149,0,10004624,0,1698541.0,0.0,0.0,3773.0,0.0,10000851.0,0.0,9998413.0,1.0,11700728
149,150,10000760,0,0,8305831.0,0.0,1694929.0,3394896.0,0.0,6605955.0,0.0,0.0,1.0,11700728
150,151,0,10000737,0,0.0,0.0,1694929.0,6605121.0,0.0,10001571.0,0.0,0.0,1.0,11700728
151,152,0,0,9994803,0.0,0.0,1694929.0,10001571.0,0.0,0.0,0.0,3581.0,9991223.0,11700728
152,153,0,0,0,0.0,0.0,1694929.0,0.0,0.0,0.0,0.0,9991223.0,0.0,11700728
153,154,10005395,0,0,0.0,9998399.0,1701925.0,0.0,0.0,0.0,0.0,0.0,0.0,11700728
154,155,10000866,0,0,0.0,0.0,11702791.0,0.0,0.0,0.0,0.0,0.0,0.0,11700728
155,156,0,10001977,0,0.0,1711757.0,9991034.0,0.0,9988971.0,13006.0,0.0,0.0,0.0,11700728
156,157,0,0,0,0.0,1696414.0,8294620.0,0.0,13003.0,3.0,0.0,0.0,0.0,11700728
157,158,0,0,0,0.0,1698984.0,6595636.0,0.0,0.0,3.0,0.0,0.0,0.0,11700728
158,159,0,0,0,0.0,3411688.0,3183948.0,0.0,0.0,3.0,0.0,0.0,0.0,11700728
159,160,0,0,0,0.0,1.0,3183947.0,0.0,1.0,2.0,0.0,0.0,0.0,11700728
160,161,0,0,0,0.0,3183947.0,0.0,0.0,0.0,2.0,0.0,0.0,0.0,11700728
161,162,0,0,0,0.0,0.0,0.0,0.0,2.0,0.0,0.0,0.0,0.0,11700728
162,163,0,0,0,0.0,0.0,0.0,0.0,0.0,0.0,0.0,0.0,0.0,11700728
163,164,0,10004314,0,0.0,0.0,0.0,0.0,10004313.0,1.0,0.0,0.0,0.0,11700728
164,165,9999841,0,0,0.0,9999841.0,0.0,0.0,0.0,1.0,0.0,0.0,0.0,11700728
165,166,0,0,9999545,0.0,0.0,0.0,0.0,0.0,1.0,0.0,10564.0,9988981.0,11700728
166,167,0,0,0,0.0,0.0,0.0,0.0,0.0,1.0,0.0,0.0,9988981.0,11700728
167,168,0,0,0,0.0,0.0,0.0,0.0,0.0,1.0,0.0,0.0,9988981.0,11700728
168,169,0,0,0,0.0,0.0,0.0,0.0,0.0,1.0,0.0,0.0,9988981.0,11700728
169,170,10004373,10003075,0,0.0,1698541.0,8305832.0,0.0,9999299.0,3777.0,0.0,0.0,9988981.0,11700728
170,171,0,0,0,0.0,8305831.0,1.0,0.0,0.0,3777.0,0.0,0.0,9988981.0,11700728
171,172,0,0,0,0.0,0.0,1.0,0.0,0.0,3777.0,0.0,0.0,9988981.0,11700728
172,173,0,0,0,0.0,0.0,1.0,0.0,0.0,3777.0,0.0,0.0,9988981.0,11700728
173,174,0,0,0,0.0,0.0,1.0,0.0,0.0,3777.0,0.0,0.0,9988981.0,11700728
174,175,0,0,0,0.0,0.0,1.0,0.0,0.0,3777.0,0.0,0.0,9988981.0,11700728
175,176,0,0,0,0.0,0.0,1.0,0.0,0.0,3777.0,0.0,0.0,9988981.0,11700728
176,177,0,0,0,0.0,0.0,1.0,0.0,3773.0,4.0,0.0,9988981.0,0.0,11700728
177,178,0,10000013,10001987,0.0,0.0,1.0,0.0,3394896.0,6605121.0,0.0,8305832.0,1696155.0,11700728
178,179,0,0,0,0.0,0.0,1.0,0.0,6605121.0,0.0,0.0,1696154.0,1.0,11700728
179,180,0,10001574,0,0.0,0.0,1.0,0.0,10001571.0,3.0,0.0,0.0,1.0,11700728
