,instance,arrival_pfizer,arrival_moderna,arrival_astrazeneca,first_doses_Pfizer,second_doses_Pfizer,stock_values_Pfizer,first_doses_Moderna,second_doses_Moderna,stock_values_Moderna,first_doses_Astrazeneca,second_doses_Astrazeneca,stock_values_Astrazeneca,capacity
0,1,0,0,0,0.0,0.0,0.0,0.0,0.0,0.0,0.0,0.0,0.0,12133453
1,2,0,0,0,0.0,0.0,0.0,0.0,0.0,0.0,0.0,0.0,0.0,12133453
2,3,0,0,0,0.0,0.0,0.0,0.0,0.0,0.0,0.0,0.0,0.0,12133453
3,4,10006260,0,0,5859.0,0.0,10000401.0,0.0,0.0,0.0,0.0,0.0,0.0,12133453
4,5,0,0,0,0.0,0.0,10000401.0,0.0,0.0,0.0,0.0,0.0,0.0,12133453
5,6,0,0,0,9999413.0,0.0,988.0,0.0,0.0,0.0,0.0,0.0,0.0,12133453
6,7,0,0,0,1.0,0.0,987.0,0.0,0.0,0.0,0.0,0.0,0.0,12133453
7,8,0,0,0,0.0,0.0,987.0,0.0,0.0,0.0,0.0,0.0,0.0,12133453
8,9,0,0,0,986.0,0.0,1.0,0.0,0.0,0.0,0.0,0.0,0.0,12133453
9,10,0,0,0,0.0,0.0,1.0,0.0,0.0,0.0,0.0,0.0,0.0,12133453
10,11,0,0,0,0.0,0.0,1.0,0.0,0.0,0.0,0.0,0.0,0.0,12133453
11,12,0,0,0,0.0,0.0,1.0,0.0,0.0,0.0,0.0,0.0,0.0,12133453
12,13,0,0,0,0.0,0.0,1.0,0.0,0.0,0.0,0.0,0.0,0.0,12133453
13,14,0,0,9999776,0.0,0.0,1.0,0.0,0.0,0.0,4270942.0,0.0,5728834.0,12133453
14,15,0,0,10000572,0.0,0.0,1.0,0.0,0.0,0.0,9999266.0,0.0,5730140.0,12133453
15,16,0,0,0,1.0,0.0,0.0,0.0,0.0,0.0,5730140.0,0.0,0.0,12133453
16,17,9997019,0,10000347,2133106.0,0.0,7863913.0,0.0,0.0,0.0,10000347.0,0.0,0.0,12133453
17,18,0,0,9999173,4996683.0,0.0,2867230.0,0.0,0.0,0.0,7136769.0,0.0,2862404.0,12133453
18,19,0,10008351,10000747,0.0,0.0,2867230.0,1401798.0,0.0,8606553.0,10731655.0,0.0,2131496.0,12133453
19,20,0,0,0,2867229.0,0.0,1.0,7134727.0,0.0,1471826.0,2131496.0,0.0,0.0,12133453
20,21,0,9996453,9998484,0.0,0.0,1.0,8592767.0,0.0,2875512.0,2870478.0,0.0,7128006.0,12133453
21,22,10000226,0,0,10000226.0,0.0,1.0,0.0,0.0,2875512.0,2131374.0,0.0,4996632.0,12133453
22,23,9997614,0,0,4261310.0,0.0,5736305.0,2875511.0,0.0,1.0,4996632.0,0.0,0.0,12133453
23,24,0,0,0,5730445.0,0.0,5860.0,1.0,0.0,0.0,0.0,0.0,0.0,12133453
24,25,0,0,0,1.0,5859.0,0.0,0.0,0.0,0.0,0.0,0.0,0.0,12133453
25,26,0,0,0,0.0,0.0,0.0,0.0,0.0,0.0,0.0,0.0,0.0,12133453
26,27,9999415,10002309,0,0.0,9999413.0,2.0,2134039.0,0.0,7868270.0,0.0,0.0,0.0,12133453
27,28,0,0,0,0.0,1.0,1.0,4991633.0,0.0,2876637.0,0.0,0.0,0.0,12133453
28,29,0,0,0,0.0,0.0,1.0,2876637.0,0.0,0.0,0.0,0.0,0.0,12133453
29,30,9995889,0,0,0.0,986.0,9994904.0,0.0,0.0,0.0,0.0,0.0,0.0,12133453
30,31,10000706,0,0,0.0,0.0,19995610.0,0.0,0.0,0.0,0.0,0.0,0.0,12133453
31,32,0,10003201,0,0.0,0.0,19995610.0,7125215.0,0.0,2877986.0,0.0,0.0,0.0,12133453
32,33,0,0,0,0.0,0.0,19995610.0,0.0,0.0,2877986.0,0.0,0.0,0.0,12133453
33,34,0,0,0,9999414.0,0.0,9996196.0,0.0,0.0,2877986.0,0.0,0.0,0.0,12133453
34,35,0,0,0,0.0,0.0,9996196.0,2877986.0,0.0,0.0,0.0,0.0,0.0,12133453
35,36,0,0,0,0.0,0.0,9996196.0,0.0,0.0,0.0,0.0,0.0,0.0,12133453
36,37,9996022,0,0,0.0,1.0,19992217.0,0.0,0.0,0.0,0.0,0.0,0.0,12133453
37,38,0,0,0,0.0,2133106.0,17859111.0,0.0,0.0,0.0,0.0,0.0,0.0,12133453
38,39,0,0,0,0.0,4996683.0,12862428.0,0.0,0.0,0.0,0.0,0.0,0.0,12133453
39,40,0,0,9999547,0.0,0.0,12862428.0,0.0,0.0,0.0,9999547.0,0.0,0.0,12133453
40,41,0,0,0,0.0,2867229.0,9995199.0,0.0,0.0,0.0,0.0,0.0,0.0,12133453
41,42,0,9992325,0,0.0,0.0,9995199.0,2867785.0,0.0,7124540.0,0.0,0.0,0.0,12133453
42,43,9996785,0,0,0.0,10000226.0,9991758.0,0.0,0.0,7124540.0,0.0,0.0,0.0,12133453
43,44,0,0,0,0.0,4261310.0,5730448.0,0.0,0.0,7124540.0,0.0,0.0,0.0,12133453
44,45,0,0,0,1.0,5730445.0,2.0,0.0,0.0,7124540.0,0.0,0.0,0.0,12133453
45,46,0,0,0,0.0,1.0,1.0,0.0,0.0,7124540.0,0.0,0.0,0.0,12133453
46,47,0,10004753,0,0.0,0.0,1.0,1.0,1401798.0,15727494.0,0.0,0.0,0.0,12133453
47,48,0,0,10000085,0.0,0.0,1.0,0.0,7134727.0,8592767.0,4998725.0,0.0,5001360.0,12133453
48,49,0,0,0,0.0,0.0,1.0,0.0,8592767.0,0.0,0.0,0.0,5001360.0,12133453
49,50,0,0,0,1.0,0.0,0.0,0.0,0.0,0.0,0.0,0.0,5001360.0,12133453
50,51,0,10001184,10003259,0.0,0.0,0.0,0.0,2875511.0,7125673.0,0.0,0.0,15004619.0,12133453
51,52,0,0,0,0.0,0.0,0.0,0.0,1.0,7125672.0,0.0,0.0,15004619.0,12133453
52,53,0,0,0,0.0,0.0,0.0,0.0,0.0,7125672.0,0.0,0.0,15004619.0,12133453
53,54,0,0,0,0.0,0.0,0.0,0.0,0.0,7125672.0,0.0,0.0,15004619.0,12133453
54,55,10003478,0,0,0.0,9999414.0,4064.0,0.0,2134039.0,4991633.0,0.0,0.0,15004619.0,12133453
55,56,0,0,0,0.0,0.0,4064.0,0.0,4991633.0,0.0,0.0,0.0,15004619.0,12133453
56,57,0,10001852,0,4063.0,0.0,1.0,0.0,2876637.0,7125215.0,0.0,0.0,15004619.0,12133453
57,58,0,0,0,0.0,0.0,1.0,0.0,0.0,7125215.0,0.0,0.0,15004619.0,12133453
58,59,0,0,9998787,0.0,0.0,1.0,0.0,0.0,7125215.0,0.0,0.0,25003406.0,12133453
59,60,0,0,0,0.0,0.0,1.0,0.0,7125215.0,0.0,0.0,0.0,25003406.0,12133453
60,61,0,0,0,0.0,0.0,1.0,0.0,0.0,0.0,9998203.0,0.0,15005203.0,12133453
61,62,0,0,10000252,0.0,0.0,1.0,0.0,0.0,0.0,0.0,0.0,25005455.0,12133453
62,63,0,9996990,0,1.0,0.0,0.0,4984817.0,2877986.0,2134187.0,0.0,0.0,25005455.0,12133453
63,64,0,0,10000941,0.0,0.0,0.0,0.0,0.0,2134187.0,0.0,0.0,35006396.0,12133453
64,65,9999522,0,10004037,9999266.0,0.0,256.0,2134187.0,0.0,0.0,0.0,0.0,45010433.0,12133453
65,66,0,0,0,0.0,1.0,255.0,0.0,0.0,0.0,0.0,0.0,45010433.0,12133453
66,67,0,10002102,0,0.0,0.0,255.0,1.0,0.0,10002101.0,0.0,0.0,45010433.0,12133453
67,68,0,0,0,0.0,0.0,255.0,0.0,0.0,10002101.0,0.0,0.0,45010433.0,12133453
68,69,0,0,0,0.0,0.0,255.0,0.0,0.0,10002101.0,0.0,0.0,45010433.0,12133453
69,70,0,10003827,9998612,254.0,0.0,1.0,7136064.0,2867785.0,10002079.0,0.0,0.0,55009045.0,12133453
70,71,0,0,0,0.0,1.0,0.0,0.0,0.0,10002079.0,9997713.0,0.0,45011332.0,12133453
71,72,0,0,0,0.0,0.0,0.0,10002078.0,0.0,1.0,0.0,0.0,45011332.0,12133453
72,73,0,0,0,0.0,0.0,0.0,0.0,0.0,1.0,0.0,0.0,45011332.0,12133453
73,74,0,10002571,0,0.0,0.0,0.0,10002571.0,0.0,1.0,0.0,0.0,45011332.0,12133453
74,75,0,0,0,0.0,0.0,0.0,0.0,1.0,0.0,0.0,0.0,45011332.0,12133453
75,76,0,0,0,0.0,0.0,0.0,0.0,0.0,0.0,9997465.0,0.0,35013867.0,12133453
76,77,0,0,10000648,0.0,0.0,0.0,0.0,0.0,0.0,0.0,0.0,45014515.0,12133453
77,78,9998481,0,0,9262975.0,4063.0,731443.0,0.0,0.0,0.0,0.0,0.0,45014515.0,12133453
78,79,0,0,0,1.0,0.0,731442.0,0.0,0.0,0.0,0.0,0.0,45014515.0,12133453
79,80,0,0,0,731440.0,0.0,2.0,0.0,0.0,0.0,0.0,0.0,45014515.0,12133453
80,81,0,0,0,0.0,0.0,2.0,0.0,0.0,0.0,0.0,0.0,45014515.0,12133453
81,82,0,0,0,0.0,0.0,2.0,0.0,0.0,0.0,0.0,0.0,45014515.0,12133453
82,83,0,0,0,0.0,0.0,2.0,0.0,0.0,0.0,0.0,0.0,45014515.0,12133453
83,84,0,0,0,0.0,1.0,1.0,0.0,0.0,0.0,0.0,0.0,45014515.0,12133453
84,85,9999266,0,9995185,1.0,0.0,9999266.0,0.0,0.0,0.0,0.0,0.0,55009700.0,12133453
85,86,0,0,0,0.0,9999266.0,0.0,0.0,0.0,0.0,2134187.0,0.0,52875513.0,12133453
86,87,0,0,0,0.0,0.0,0.0,0.0,0.0,0.0,7869867.0,0.0,45005646.0,12133453
87,88,0,0,0,0.0,0.0,0.0,0.0,0.0,0.0,0.0,0.0,45005646.0,12133453
88,89,0,0,0,0.0,0.0,0.0,0.0,0.0,0.0,0.0,0.0,45005646.0,12133453
89,90,0,0,0,0.0,0.0,0.0,0.0,0.0,0.0,10006764.0,0.0,34998882.0,12133453
90,91,9998977,10003296,10004133,1.0,254.0,9998722.0,5018478.0,4984817.0,1.0,0.0,0.0,45003015.0,12133453
91,92,0,9996698,0,0.0,0.0,9998722.0,7862511.0,0.0,2134188.0,0.0,4270942.0,40732073.0,12133453
92,93,0,0,0,0.0,0.0,9998722.0,0.0,2134187.0,1.0,0.0,9999266.0,30732807.0,12133453
93,94,0,0,0,0.0,0.0,9998722.0,0.0,0.0,1.0,0.0,5730140.0,25002667.0,12133453
94,95,0,0,0,0.0,0.0,9998722.0,0.0,1.0,0.0,0.0,10000347.0,15002320.0,12133453
95,96,0,0,9999452,0.0,0.0,9998722.0,0.0,0.0,0.0,0.0,7136769.0,17865003.0,12133453
96,97,0,0,0,0.0,0.0,9998722.0,0.0,0.0,0.0,0.0,10731655.0,7133348.0,12133453
97,98,0,10001957,0,0.0,0.0,9998722.0,2865893.0,7136064.0,0.0,0.0,2131496.0,5001852.0,12133453
98,99,0,10006289,0,0.0,9262975.0,735747.0,0.0,0.0,10006289.0,0.0,2870478.0,2131374.0,12133453
99,100,0,9998361,0,0.0,1.0,735746.0,0.0,10002078.0,10002572.0,0.0,2131374.0,0.0,12133453
100,101,0,0,10002863,0.0,731440.0,4306.0,0.0,0.0,10002572.0,0.0,4996632.0,5006231.0,12133453
101,102,0,0,0,0.0,0.0,4306.0,0.0,10002571.0,1.0,0.0,0.0,5006231.0,12133453
102,103,0,0,0,0.0,0.0,4306.0,1.0,0.0,0.0,0.0,0.0,5006231.0,12133453
103,104,0,0,0,4300.0,0.0,6.0,0.0,0.0,0.0,0.0,0.0,5006231.0,12133453
104,105,0,0,0,0.0,0.0,6.0,0.0,0.0,0.0,0.0,0.0,5006231.0,12133453
105,106,0,0,0,1.0,1.0,4.0,0.0,0.0,0.0,0.0,0.0,5006231.0,12133453
106,107,0,0,0,0.0,0.0,4.0,0.0,0.0,0.0,0.0,0.0,5006231.0,12133453
107,108,0,0,0,0.0,0.0,4.0,0.0,0.0,0.0,0.0,0.0,5006231.0,12133453
108,109,0,0,0,0.0,0.0,4.0,0.0,0.0,0.0,0.0,0.0,5006231.0,12133453
109,110,0,9999886,0,3.0,0.0,1.0,2132249.0,0.0,7867637.0,0.0,0.0,5006231.0,12133453
110,111,0,0,0,0.0,0.0,1.0,0.0,0.0,7867637.0,0.0,0.0,5006231.0,12133453
111,112,0,0,0,0.0,1.0,0.0,0.0,0.0,7867637.0,0.0,0.0,5006231.0,12133453
112,113,10000703,0,0,10000702.0,0.0,1.0,0.0,0.0,7867637.0,0.0,0.0,5006231.0,12133453
113,114,0,0,0,0.0,0.0,1.0,0.0,0.0,7867637.0,0.0,0.0,5006231.0,12133453
114,115,0,0,0,1.0,0.0,0.0,0.0,0.0,7867637.0,0.0,0.0,5006231.0,12133453
115,116,0,0,9992041,0.0,0.0,0.0,0.0,0.0,7867637.0,0.0,0.0,14998272.0,12133453
116,117,10001204,0,0,10001203.0,0.0,1.0,0.0,0.0,7867637.0,0.0,0.0,14998272.0,12133453
117,118,0,0,0,0.0,0.0,1.0,0.0,0.0,7867637.0,0.0,9999547.0,4998725.0,12133453
118,119,0,10000468,0,1.0,0.0,0.0,0.0,5018478.0,12849627.0,0.0,0.0,4998725.0,12133453
119,120,0,0,0,0.0,0.0,0.0,0.0,7862511.0,4987116.0,0.0,0.0,4998725.0,12133453
120,121,9997871,0,0,9997870.0,0.0,1.0,0.0,0.0,4987116.0,0.0,0.0,4998725.0,12133453
121,122,0,10008173,0,0.0,0.0,1.0,0.0,0.0,14995289.0,0.0,0.0,4998725.0,12133453
122,123,0,0,0,0.0,0.0,1.0,0.0,0.0,14995289.0,0.0,0.0,4998725.0,12133453
123,124,0,0,0,0.0,0.0,1.0,0.0,0.0,14995289.0,0.0,0.0,4998725.0,12133453
124,125,9996130,0,0,9991830.0,4300.0,1.0,0.0,0.0,14995289.0,0.0,0.0,4998725.0,12133453
125,126,0,0,0,0.0,0.0,1.0,0.0,2865893.0,12129396.0,0.0,4998725.0,0.0,12133453
126,127,10001845,0,0,12379.0,1.0,9989466.0,8541300.0,0.0,3588096.0,0.0,0.0,0.0,12133453
127,128,0,0,0,2135736.0,0.0,7853730.0,0.0,0.0,3588096.0,0.0,0.0,0.0,12133453
128,129,0,0,0,7853728.0,0.0,2.0,0.0,0.0,3588096.0,0.0,0.0,0.0,12133453
129,130,10002044,0,0,7737.0,0.0,9994309.0,3588096.0,0.0,0.0,0.0,0.0,0.0,12133453
130,131,9997063,10000905,0,0.0,3.0,19991369.0,4271902.0,1.0,5729002.0,0.0,0.0,0.0,12133453
131,132,10002380,0,0,2.0,0.0,29993747.0,3601600.0,0.0,2127402.0,0.0,0.0,0.0,12133453
132,133,0,0,0,0.0,0.0,29993747.0,2127402.0,0.0,0.0,0.0,0.0,0.0,12133453
133,134,0,0,0,2132748.0,10000702.0,17860297.0,0.0,0.0,0.0,0.0,0.0,0.0,12133453
134,135,9999330,0,0,12133453.0,0.0,15726174.0,0.0,0.0,0.0,0.0,0.0,0.0,12133453
135,136,0,9998519,0,3588224.0,1.0,12137949.0,7866270.0,0.0,2132249.0,0.0,0.0,0.0,12133453
136,137,9999684,0,0,0.0,0.0,22137633.0,0.0,0.0,2132249.0,0.0,0.0,0.0,12133453
137,138,0,0,0,1.0,10001203.0,12136429.0,0.0,2132249.0,0.0,0.0,0.0,0.0,12133453
138,139,0,0,9998203,2135249.0,0.0,10001180.0,0.0,0.0,0.0,0.0,9998203.0,0.0,12133453
139,140,0,0,0,0.0,1.0,10001179.0,0.0,0.0,0.0,0.0,0.0,0.0,12133453
140,141,0,0,0,9999091.0,0.0,2088.0,0.0,0.0,0.0,0.0,0.0,0.0,12133453
141,142,9996639,0,0,0.0,9997870.0,857.0,0.0,0.0,0.0,0.0,0.0,0.0,12133453
142,143,0,0,0,0.0,0.0,857.0,0.0,0.0,0.0,0.0,0.0,0.0,12133453
143,144,10003352,0,0,0.0,0.0,10004209.0,0.0,0.0,0.0,0.0,0.0,0.0,12133453
144,145,0,0,0,0.0,0.0,10004209.0,0.0,0.0,0.0,0.0,0.0,0.0,12133453
145,146,0,0,0,0.0,9991830.0,12379.0,0.0,0.0,0.0,0.0,0.0,0.0,12133453
146,147,0,0,0,0.0,0.0,12379.0,0.0,0.0,0.0,0.0,0.0,0.0,12133453
147,148,0,0,0,0.0,12379.0,0.0,0.0,0.0,0.0,0.0,0.0,0.0,12133453
148,149,9997206,0,9997713,3.0,2135736.0,7861467.0,0.0,0.0,0.0,0.0,9997713.0,0.0,12133453
149,150,0,0,0,0.0,7853728.0,7739.0,0.0,0.0,0.0,0.0,0.0,0.0,12133453
150,151,0,0,0,0.0,7737.0,2.0,0.0,0.0,0.0,0.0,0.0,0.0,12133453
151,152,0,0,0,0.0,0.0,2.0,0.0,0.0,0.0,0.0,0.0,0.0,12133453
152,153,0,0,0,0.0,2.0,0.0,0.0,0.0,0.0,0.0,0.0,0.0,12133453
153,154,9997395,0,9997465,2135988.0,0.0,7861407.0,0.0,0.0,0.0,0.0,9997465.0,0.0,12133453
154,155,9999846,10002459,0,1459403.0,2132748.0,14269102.0,0.0,8541300.0,1461159.0,0.0,0.0,0.0,12133453
155,156,0,0,0,0.0,12133453.0,2135649.0,0.0,0.0,1461159.0,0.0,0.0,0.0,12133453
156,157,9997806,10000439,0,8545229.0,3588224.0,2.0,0.0,0.0,11461598.0,0.0,0.0,0.0,12133453
157,158,0,0,0,2.0,0.0,0.0,0.0,3588096.0,7873502.0,0.0,0.0,0.0,12133453
158,159,9996802,0,0,7861550.0,1.0,2135251.0,0.0,4271902.0,3601600.0,0.0,0.0,0.0,12133453
159,160,0,0,0,0.0,2135249.0,2.0,0.0,3601600.0,0.0,0.0,0.0,0.0,12133453
160,161,0,9993673,0,0.0,0.0,2.0,0.0,2127402.0,7866271.0,0.0,0.0,0.0,12133453
161,162,9999092,0,0,0.0,9999091.0,3.0,0.0,0.0,7866271.0,0.0,0.0,0.0,12133453
162,163,0,0,0,0.0,0.0,3.0,0.0,0.0,7866271.0,0.0,0.0,0.0,12133453
163,164,0,0,10004054,0.0,0.0,3.0,0.0,7866270.0,1.0,0.0,2134187.0,7869867.0,12133453
164,165,0,0,0,0.0,0.0,3.0,0.0,0.0,1.0,0.0,7869867.0,0.0,12133453
165,166,0,0,0,0.0,0.0,3.0,0.0,0.0,1.0,0.0,0.0,0.0,12133453
166,167,0,0,0,0.0,0.0,3.0,0.0,0.0,1.0,0.0,0.0,0.0,12133453
167,168,0,0,10006764,0.0,0.0,3.0,0.0,0.0,1.0,0.0,10006764.0,0.0,12133453
168,169,0,0,0,0.0,0.0,3.0,0.0,0.0,1.0,0.0,0.0,0.0,12133453
169,170,0,0,0,0.0,3.0,0.0,0.0,0.0,1.0,0.0,0.0,0.0,12133453
170,171,0,0,0,0.0,0.0,0.0,0.0,0.0,1.0,0.0,0.0,0.0,12133453
171,172,0,0,0,0.0,0.0,0.0,0.0,0.0,1.0,0.0,0.0,0.0,12133453
172,173,9998217,0,0,0.0,0.0,9998217.0,0.0,0.0,1.0,0.0,0.0,0.0,12133453
173,174,0,0,0,0.0,0.0,9998217.0,0.0,0.0,1.0,0.0,0.0,0.0,12133453
174,175,0,0,0,0.0,2135988.0,7862229.0,0.0,0.0,1.0,0.0,0.0,0.0,12133453
175,176,0,0,0,0.0,1459403.0,6402826.0,0.0,0.0,1.0,0.0,0.0,0.0,12133453
176,177,0,0,0,0.0,0.0,6402826.0,0.0,0.0,1.0,0.0,0.0,0.0,12133453
177,178,10003955,0,0,0.0,8545229.0,7861552.0,0.0,0.0,1.0,0.0,0.0,0.0,12133453
178,179,0,0,0,0.0,2.0,7861550.0,0.0,0.0,1.0,0.0,0.0,0.0,12133453
179,180,0,0,0,0.0,7861550.0,0.0,0.0,0.0,1.0,0.0,0.0,0.0,12133453
