,instance,arrival_pfizer,arrival_moderna,arrival_astrazeneca,first_doses_Pfizer,second_doses_Pfizer,stock_values_Pfizer,first_doses_Moderna,second_doses_Moderna,stock_values_Moderna,first_doses_Astrazeneca,second_doses_Astrazeneca,stock_values_Astrazeneca,capacity
0,1,0,10002828,0,0.0,0.0,0.0,1.0,0.0,10002827.0,0.0,0.0,0.0,14810411
1,2,0,0,0,0.0,0.0,0.0,10002826.0,0.0,1.0,0.0,0.0,0.0,14810411
2,3,0,0,9998394,0.0,0.0,0.0,0.0,0.0,1.0,1.0,0.0,9998393.0,14810411
3,4,0,0,0,0.0,0.0,0.0,0.0,0.0,1.0,9998392.0,0.0,1.0,14810411
4,5,0,0,10001666,0.0,0.0,0.0,0.0,0.0,1.0,10001666.0,0.0,1.0,14810411
5,6,0,9996987,0,0.0,0.0,0.0,9996986.0,0.0,2.0,0.0,0.0,1.0,14810411
6,7,0,0,0,0.0,0.0,0.0,0.0,0.0,2.0,0.0,0.0,1.0,14810411
7,8,10005539,0,9995698,4809959.0,0.0,5195580.0,1.0,0.0,1.0,9995699.0,0.0,0.0,14810411
8,9,0,0,0,4807584.0,0.0,387996.0,0.0,0.0,1.0,0.0,0.0,0.0,14810411
9,10,0,0,0,387996.0,0.0,0.0,0.0,0.0,1.0,0.0,0.0,0.0,14810411
10,11,0,0,0,0.0,0.0,0.0,0.0,0.0,1.0,0.0,0.0,0.0,14810411
11,12,0,0,0,0.0,0.0,0.0,1.0,0.0,0.0,0.0,0.0,0.0,14810411
12,13,0,10002417,0,0.0,0.0,0.0,10002413.0,0.0,4.0,0.0,0.0,0.0,14810411
13,14,0,0,9997518,0.0,0.0,0.0,0.0,0.0,4.0,5188002.0,0.0,4809516.0,14810411
14,15,10000895,0,0,10000895.0,0.0,0.0,0.0,0.0,4.0,4809516.0,0.0,0.0,14810411
15,16,9998285,0,10001751,9990667.0,0.0,7618.0,0.0,0.0,4.0,4819736.0,0.0,5182015.0,14810411
16,17,0,9999098,0,0.0,0.0,7618.0,9999097.0,0.0,5.0,4811313.0,0.0,370702.0,14810411
17,18,0,0,10002324,0.0,0.0,7618.0,1.0,0.0,4.0,374690.0,0.0,9998336.0,14810411
18,19,9998678,10002058,0,0.0,0.0,10006296.0,4994739.0,0.0,5007323.0,0.0,0.0,9998336.0,14810411
19,20,0,0,9994234,0.0,0.0,10006296.0,1.0,0.0,5007322.0,1.0,0.0,19992569.0,14810411
20,21,0,0,0,0.0,0.0,10006296.0,5007317.0,0.0,5.0,0.0,0.0,19992569.0,14810411
21,22,0,0,0,0.0,0.0,10006296.0,1.0,0.0,4.0,0.0,0.0,19992569.0,14810411
22,23,0,9990068,0,0.0,0.0,10006296.0,4993339.0,0.0,4996733.0,0.0,0.0,19992569.0,14810411
23,24,0,0,0,0.0,0.0,10006296.0,1.0,0.0,4996732.0,0.0,0.0,19992569.0,14810411
24,25,9997084,10002635,0,1.0,0.0,20003379.0,0.0,0.0,14999367.0,0.0,0.0,19992569.0,14810411
25,26,0,0,0,0.0,0.0,20003379.0,0.0,0.0,14999367.0,0.0,0.0,19992569.0,14810411
26,27,0,10004307,0,3.0,0.0,20003376.0,1.0,0.0,25003673.0,0.0,0.0,19992569.0,14810411
27,28,0,0,9999605,0.0,0.0,20003376.0,0.0,0.0,25003673.0,0.0,0.0,29992174.0,14810411
28,29,0,0,0,0.0,4809959.0,15193417.0,0.0,1.0,25003672.0,10000451.0,0.0,19991723.0,14810411
29,30,0,9998159,0,0.0,4807584.0,10385833.0,1.0,10002826.0,24999004.0,0.0,0.0,19991723.0,14810411
30,31,0,0,0,0.0,387996.0,9997837.0,0.0,0.0,24999004.0,0.0,0.0,19991723.0,14810411
31,32,0,0,0,0.0,0.0,9997837.0,1.0,0.0,24999003.0,0.0,0.0,19991723.0,14810411
32,33,0,9994239,0,5668.0,0.0,9992169.0,0.0,0.0,34993242.0,0.0,0.0,19991723.0,14810411
33,34,0,0,0,0.0,0.0,9992169.0,0.0,9996986.0,24996256.0,0.0,0.0,19991723.0,14810411
34,35,9999405,0,0,3.0,0.0,19991571.0,0.0,0.0,24996256.0,0.0,0.0,19991723.0,14810411
35,36,0,0,0,0.0,10000895.0,9990676.0,0.0,1.0,24996255.0,0.0,0.0,19991723.0,14810411
36,37,0,0,0,0.0,9990667.0,9.0,0.0,0.0,24996255.0,4819736.0,0.0,15171987.0,14810411
37,38,0,0,0,0.0,0.0,9.0,0.0,0.0,24996255.0,5182756.0,0.0,9989231.0,14810411
38,39,0,0,0,3.0,0.0,6.0,0.0,0.0,24996255.0,0.0,0.0,9989231.0,14810411
39,40,0,0,0,0.0,0.0,6.0,0.0,1.0,24996254.0,0.0,0.0,9989231.0,14810411
40,41,0,0,0,1.0,0.0,5.0,0.0,10002413.0,14993841.0,0.0,0.0,9989231.0,14810411
41,42,0,0,0,1.0,0.0,4.0,0.0,0.0,14993841.0,0.0,0.0,9989231.0,14810411
42,43,0,0,0,4.0,0.0,0.0,0.0,0.0,14993841.0,0.0,0.0,9989231.0,14810411
43,44,9998005,0,10003372,9998001.0,0.0,4.0,1.0,0.0,14993840.0,0.0,0.0,19992603.0,14810411
44,45,0,0,0,0.0,0.0,4.0,0.0,9999097.0,4994743.0,0.0,0.0,19992603.0,14810411
45,46,0,0,0,0.0,1.0,3.0,0.0,1.0,4994742.0,0.0,0.0,19992603.0,14810411
46,47,0,0,10003485,0.0,0.0,3.0,1.0,4994739.0,2.0,0.0,0.0,29996088.0,14810411
47,48,0,0,0,0.0,3.0,0.0,0.0,1.0,1.0,0.0,0.0,29996088.0,14810411
48,49,0,10000661,0,0.0,0.0,0.0,0.0,5007317.0,4993345.0,0.0,0.0,29996088.0,14810411
49,50,0,0,0,0.0,0.0,0.0,0.0,1.0,4993344.0,0.0,0.0,29996088.0,14810411
50,51,0,0,0,0.0,0.0,0.0,0.0,4993339.0,5.0,0.0,0.0,29996088.0,14810411
51,52,10003386,0,0,4812495.0,0.0,5190891.0,0.0,1.0,4.0,9997914.0,0.0,19998174.0,14810411
52,53,0,0,10004171,5190887.0,0.0,4.0,0.0,0.0,4.0,1.0,0.0,30002344.0,14810411
53,54,10001722,0,0,9996052.0,5668.0,6.0,0.0,0.0,4.0,0.0,0.0,30002344.0,14810411
54,55,0,0,0,0.0,0.0,6.0,0.0,1.0,3.0,0.0,0.0,30002344.0,14810411
55,56,0,0,0,0.0,3.0,3.0,0.0,0.0,3.0,0.0,0.0,30002344.0,14810411
56,57,0,0,10001748,0.0,0.0,3.0,0.0,0.0,3.0,10000039.0,0.0,30004053.0,14810411
57,58,0,0,0,0.0,0.0,3.0,0.0,1.0,2.0,0.0,0.0,30004053.0,14810411
58,59,0,0,9998844,0.0,0.0,3.0,0.0,0.0,2.0,0.0,0.0,40002897.0,14810411
59,60,0,0,0,0.0,3.0,0.0,0.0,1.0,1.0,0.0,0.0,40002897.0,14810411
60,61,0,0,0,0.0,0.0,0.0,0.0,0.0,1.0,10000872.0,0.0,30002025.0,14810411
61,62,9999380,0,0,0.0,1.0,9999379.0,1.0,0.0,0.0,0.0,0.0,30002025.0,14810411
62,63,0,0,0,9998742.0,1.0,636.0,0.0,0.0,0.0,0.0,0.0,30002025.0,14810411
63,64,10000852,10000743,0,1.0,4.0,10001483.0,9622409.0,0.0,378334.0,0.0,0.0,30002025.0,14810411
64,65,0,0,0,0.0,9998001.0,3482.0,378333.0,0.0,1.0,0.0,0.0,30002025.0,14810411
65,66,0,0,0,0.0,0.0,3482.0,0.0,0.0,1.0,0.0,0.0,30002025.0,14810411
66,67,0,0,0,1.0,0.0,3481.0,1.0,0.0,0.0,0.0,0.0,30002025.0,14810411
67,68,0,0,0,0.0,0.0,3481.0,0.0,0.0,0.0,0.0,0.0,30002025.0,14810411
68,69,0,0,0,0.0,0.0,3481.0,0.0,0.0,0.0,0.0,0.0,30002025.0,14810411
69,70,0,0,0,0.0,0.0,3481.0,0.0,0.0,0.0,0.0,0.0,30002025.0,14810411
70,71,0,0,10001420,0.0,0.0,3481.0,0.0,0.0,0.0,1.0,0.0,40003444.0,14810411
71,72,9994899,10000969,0,0.0,0.0,9998380.0,4809110.0,1.0,5191858.0,0.0,0.0,40003444.0,14810411
72,73,0,0,0,0.0,4812495.0,5185885.0,5191855.0,0.0,3.0,0.0,0.0,40003444.0,14810411
73,74,10001058,0,0,0.0,5190887.0,9996056.0,0.0,0.0,3.0,0.0,0.0,40003444.0,14810411
74,75,0,0,9996100,0.0,9996052.0,4.0,0.0,1.0,2.0,0.0,0.0,49999544.0,14810411
75,76,0,0,0,0.0,0.0,4.0,0.0,0.0,2.0,0.0,0.0,49999544.0,14810411
76,77,0,10000413,0,0.0,0.0,4.0,10000412.0,0.0,3.0,0.0,0.0,49999544.0,14810411
77,78,0,0,0,0.0,0.0,4.0,0.0,0.0,3.0,0.0,0.0,49999544.0,14810411
78,79,0,0,0,0.0,0.0,4.0,3.0,0.0,0.0,10004882.0,0.0,39994662.0,14810411
79,80,0,0,10001052,0.0,0.0,4.0,0.0,0.0,0.0,0.0,0.0,49995714.0,14810411
80,81,0,9998734,10004109,0.0,0.0,4.0,4811360.0,0.0,5187374.0,9999050.0,1.0,50000772.0,14810411
81,82,0,0,0,0.0,0.0,4.0,4812016.0,0.0,375358.0,1.0,9998392.0,40002379.0,14810411
82,83,0,10000577,9994068,0.0,0.0,4.0,373153.0,0.0,10002782.0,0.0,10001666.0,39994781.0,14810411
83,84,9998744,9998129,0,0.0,9998742.0,6.0,1.0,0.0,20000910.0,0.0,0.0,39994781.0,14810411
84,85,0,0,0,0.0,1.0,5.0,0.0,0.0,20000910.0,0.0,0.0,39994781.0,14810411
85,86,0,0,0,0.0,0.0,5.0,0.0,0.0,20000910.0,0.0,9995699.0,29999082.0,14810411
86,87,0,0,0,4.0,0.0,1.0,0.0,0.0,20000910.0,0.0,0.0,29999082.0,14810411
87,88,0,0,0,0.0,1.0,0.0,1.0,0.0,20000909.0,0.0,0.0,29999082.0,14810411
88,89,0,0,0,0.0,0.0,0.0,0.0,0.0,20000909.0,9997668.0,0.0,20001414.0,14810411
89,90,0,10001733,0,0.0,0.0,0.0,1.0,1.0,30002640.0,0.0,0.0,20001414.0,14810411
90,91,9994470,0,0,9994466.0,0.0,4.0,0.0,0.0,30002640.0,0.0,0.0,20001414.0,14810411
91,92,0,0,0,0.0,0.0,4.0,0.0,9622409.0,20380231.0,0.0,5188002.0,14813412.0,14810411
92,93,0,0,0,4.0,0.0,0.0,0.0,378333.0,20001898.0,0.0,4809516.0,10003896.0,14810411
93,94,9995504,0,10002261,9990675.0,0.0,4829.0,0.0,0.0,20001898.0,0.0,4819736.0,15186421.0,14810411
94,95,0,0,0,4412.0,0.0,417.0,1.0,1.0,20001896.0,0.0,4811313.0,10375108.0,14810411
95,96,0,9996017,0,413.0,0.0,4.0,0.0,0.0,29997913.0,0.0,374690.0,10000418.0,14810411
96,97,0,0,0,1.0,0.0,3.0,0.0,0.0,29997913.0,0.0,0.0,10000418.0,14810411
97,98,0,0,0,3.0,0.0,0.0,0.0,0.0,29997913.0,0.0,1.0,10000417.0,14810411
98,99,0,0,0,0.0,0.0,0.0,0.0,0.0,29997913.0,10000417.0,0.0,0.0,14810411
99,100,10001300,0,0,10001300.0,0.0,0.0,0.0,4809110.0,25188803.0,0.0,0.0,0.0,14810411
100,101,0,0,0,0.0,0.0,0.0,0.0,5191855.0,19996948.0,0.0,0.0,0.0,14810411
101,102,0,0,0,0.0,0.0,0.0,0.0,0.0,19996948.0,0.0,0.0,0.0,14810411
102,103,0,0,0,0.0,0.0,0.0,0.0,0.0,19996948.0,0.0,0.0,0.0,14810411
103,104,0,0,0,0.0,0.0,0.0,0.0,0.0,19996948.0,0.0,0.0,0.0,14810411
104,105,0,0,0,0.0,0.0,0.0,0.0,10000412.0,9996536.0,0.0,0.0,0.0,14810411
105,106,0,0,0,0.0,0.0,0.0,0.0,0.0,9996536.0,0.0,0.0,0.0,14810411
106,107,0,0,10000452,0.0,0.0,0.0,0.0,3.0,9996533.0,0.0,10000451.0,1.0,14810411
107,108,9999479,0,0,9999475.0,4.0,0.0,0.0,0.0,9996533.0,0.0,0.0,1.0,14810411
108,109,0,0,0,0.0,0.0,0.0,0.0,4811360.0,5185173.0,0.0,0.0,1.0,14810411
109,110,9996087,0,0,9996087.0,0.0,0.0,0.0,4812016.0,373157.0,0.0,0.0,1.0,14810411
110,111,0,0,0,0.0,0.0,0.0,0.0,373153.0,4.0,0.0,0.0,1.0,14810411
111,112,10000524,0,0,5453.0,9994466.0,605.0,0.0,1.0,3.0,0.0,0.0,1.0,14810411
112,113,0,0,0,0.0,0.0,605.0,0.0,0.0,3.0,0.0,0.0,1.0,14810411
113,114,9994490,0,0,0.0,4.0,9995091.0,0.0,0.0,3.0,0.0,0.0,1.0,14810411
114,115,0,0,10002492,0.0,9990675.0,4416.0,0.0,0.0,3.0,0.0,4819736.0,5182757.0,14810411
115,116,0,0,0,0.0,4412.0,4.0,0.0,1.0,2.0,0.0,5182756.0,1.0,14810411
116,117,10000502,0,0,0.0,413.0,10000093.0,0.0,0.0,2.0,0.0,0.0,1.0,14810411
117,118,10002309,0,0,0.0,1.0,20002401.0,0.0,1.0,1.0,0.0,0.0,1.0,14810411
118,119,0,0,0,0.0,3.0,20002398.0,0.0,0.0,1.0,0.0,0.0,1.0,14810411
119,120,0,0,0,0.0,0.0,20002398.0,0.0,0.0,1.0,0.0,0.0,1.0,14810411
120,121,9999921,0,0,0.0,10001300.0,20001019.0,0.0,0.0,1.0,0.0,0.0,1.0,14810411
121,122,0,0,0,0.0,0.0,20001019.0,0.0,0.0,1.0,0.0,0.0,1.0,14810411
122,123,0,0,0,0.0,0.0,20001019.0,0.0,1.0,0.0,0.0,0.0,1.0,14810411
123,124,0,0,0,0.0,0.0,20001019.0,0.0,0.0,0.0,0.0,0.0,1.0,14810411
124,125,0,0,0,0.0,0.0,20001019.0,0.0,0.0,0.0,0.0,0.0,1.0,14810411
125,126,0,0,0,0.0,0.0,20001019.0,0.0,0.0,0.0,0.0,0.0,1.0,14810411
126,127,0,0,0,0.0,0.0,20001019.0,0.0,0.0,0.0,0.0,0.0,1.0,14810411
127,128,0,0,0,0.0,0.0,20001019.0,0.0,0.0,0.0,0.0,0.0,1.0,14810411
128,129,0,0,0,0.0,9999475.0,10001544.0,0.0,0.0,0.0,0.0,0.0,1.0,14810411
129,130,0,0,9997914,1.0,0.0,10001543.0,0.0,0.0,0.0,0.0,9997914.0,1.0,14810411
130,131,0,0,0,0.0,9996087.0,5456.0,0.0,0.0,0.0,0.0,1.0,0.0,14810411
131,132,0,0,0,3.0,0.0,5453.0,0.0,0.0,0.0,0.0,0.0,0.0,14810411
132,133,0,0,0,0.0,5453.0,0.0,0.0,0.0,0.0,0.0,0.0,0.0,14810411
133,134,0,0,0,0.0,0.0,0.0,0.0,0.0,0.0,0.0,0.0,0.0,14810411
134,135,0,0,10000040,0.0,0.0,0.0,0.0,0.0,0.0,0.0,10000039.0,1.0,14810411
135,136,0,10001663,0,0.0,0.0,0.0,10001663.0,0.0,0.0,0.0,0.0,1.0,14810411
136,137,0,0,0,0.0,0.0,0.0,0.0,0.0,0.0,0.0,0.0,1.0,14810411
137,138,0,10000381,0,0.0,0.0,0.0,10000381.0,0.0,0.0,0.0,0.0,1.0,14810411
138,139,0,0,10000872,0.0,0.0,0.0,0.0,0.0,0.0,0.0,10000872.0,1.0,14810411
139,140,0,10001418,0,0.0,0.0,0.0,9996889.0,0.0,4529.0,0.0,0.0,1.0,14810411
140,141,9991602,0,0,9991602.0,0.0,0.0,0.0,0.0,4529.0,0.0,0.0,1.0,14810411
141,142,0,0,0,0.0,0.0,0.0,0.0,0.0,4529.0,0.0,0.0,1.0,14810411
142,143,0,0,0,0.0,0.0,0.0,4529.0,0.0,0.0,0.0,0.0,1.0,14810411
143,144,0,0,0,0.0,0.0,0.0,0.0,0.0,0.0,0.0,0.0,1.0,14810411
144,145,0,0,0,0.0,0.0,0.0,0.0,0.0,0.0,0.0,0.0,1.0,14810411
145,146,0,0,0,0.0,0.0,0.0,0.0,0.0,0.0,0.0,0.0,1.0,14810411
146,147,0,10000953,0,0.0,0.0,0.0,9993333.0,0.0,7620.0,0.0,0.0,1.0,14810411
147,148,0,0,0,0.0,0.0,0.0,0.0,0.0,7620.0,0.0,0.0,1.0,14810411
148,149,9999138,0,0,5009924.0,0.0,4989214.0,0.0,0.0,7620.0,0.0,1.0,0.0,14810411
149,150,0,0,0,4989214.0,0.0,0.0,0.0,0.0,7620.0,0.0,0.0,0.0,14810411
150,151,10002905,9996495,0,5006368.0,1.0,4996536.0,0.0,0.0,10004115.0,0.0,0.0,0.0,14810411
151,152,0,9996423,0,4996533.0,0.0,3.0,0.0,0.0,20000538.0,0.0,0.0,0.0,14810411
152,153,0,0,0,0.0,3.0,0.0,0.0,0.0,20000538.0,0.0,0.0,0.0,14810411
153,154,0,0,0,0.0,0.0,0.0,0.0,0.0,20000538.0,0.0,0.0,0.0,14810411
154,155,0,0,0,0.0,0.0,0.0,0.0,0.0,20000538.0,0.0,0.0,0.0,14810411
155,156,0,0,0,0.0,0.0,0.0,0.0,0.0,20000538.0,0.0,0.0,0.0,14810411
156,157,0,0,10004883,0.0,0.0,0.0,0.0,0.0,20000538.0,0.0,10004882.0,1.0,14810411
157,158,10000570,0,0,4999812.0,0.0,5000758.0,0.0,0.0,20000538.0,0.0,0.0,1.0,14810411
158,159,0,0,9999050,0.0,0.0,5000758.0,0.0,0.0,20000538.0,0.0,9999050.0,1.0,14810411
159,160,10000768,0,0,0.0,0.0,15001526.0,0.0,0.0,20000538.0,0.0,1.0,0.0,14810411
160,161,0,0,0,0.0,0.0,15001526.0,0.0,0.0,20000538.0,0.0,0.0,0.0,14810411
161,162,0,0,0,0.0,9991602.0,5009924.0,0.0,0.0,20000538.0,0.0,0.0,0.0,14810411
162,163,0,9998395,0,0.0,0.0,5009924.0,0.0,0.0,29998933.0,0.0,0.0,0.0,14810411
163,164,0,0,0,0.0,0.0,5009924.0,0.0,10001663.0,19997270.0,0.0,0.0,0.0,14810411
164,165,0,0,0,0.0,0.0,5009924.0,0.0,0.0,19997270.0,0.0,0.0,0.0,14810411
165,166,0,0,0,0.0,0.0,5009924.0,0.0,10000381.0,9996889.0,0.0,0.0,0.0,14810411
166,167,0,0,9997669,0.0,0.0,5009924.0,0.0,0.0,9996889.0,0.0,9997668.0,1.0,14810411
167,168,0,0,0,0.0,0.0,5009924.0,0.0,9996889.0,0.0,0.0,0.0,1.0,14810411
168,169,0,0,0,0.0,0.0,5009924.0,0.0,0.0,0.0,0.0,0.0,1.0,14810411
169,170,0,0,0,0.0,5009924.0,0.0,0.0,0.0,0.0,0.0,0.0,1.0,14810411
170,171,9995582,9997862,0,0.0,4989214.0,5006368.0,0.0,4529.0,9993333.0,0.0,0.0,1.0,14810411
171,172,0,0,0,0.0,5006368.0,0.0,0.0,0.0,9993333.0,0.0,0.0,1.0,14810411
172,173,9996350,0,0,0.0,4996533.0,4999817.0,0.0,0.0,9993333.0,0.0,0.0,1.0,14810411
173,174,0,0,0,0.0,0.0,4999817.0,0.0,0.0,9993333.0,0.0,0.0,1.0,14810411
174,175,0,0,0,0.0,0.0,4999817.0,0.0,9993333.0,0.0,0.0,0.0,1.0,14810411
175,176,0,0,0,0.0,0.0,4999817.0,0.0,0.0,0.0,0.0,0.0,1.0,14810411
176,177,0,0,10000417,0.0,0.0,4999817.0,0.0,0.0,0.0,0.0,10000417.0,1.0,14810411
177,178,0,0,0,0.0,0.0,4999817.0,0.0,0.0,0.0,0.0,0.0,1.0,14810411
178,179,0,0,0,0.0,4999812.0,5.0,0.0,0.0,0.0,0.0,0.0,1.0,14810411
179,180,0,0,0,0.0,0.0,5.0,0.0,0.0,0.0,0.0,0.0,1.0,14810411
