,instance,arrival_pfizer,arrival_moderna,arrival_astrazeneca,first_doses_Pfizer,second_doses_Pfizer,stock_values_Pfizer,first_doses_Moderna,second_doses_Moderna,stock_values_Moderna,first_doses_Astrazeneca,second_doses_Astrazeneca,stock_values_Astrazeneca,capacity
0,1,10004203,0,0,9866923.0,0.0,137280.0,0.0,0.0,0.0,0.0,0.0,0.0,9866923
1,2,0,0,0,137278.0,0.0,2.0,0.0,0.0,0.0,0.0,0.0,0.0,9866923
2,3,0,0,0,0.0,0.0,2.0,0.0,0.0,0.0,0.0,0.0,0.0,9866923
3,4,10001773,0,0,2.0,0.0,10001773.0,0.0,0.0,0.0,0.0,0.0,0.0,9866923
4,5,9993993,0,0,9798293.0,0.0,10197473.0,0.0,0.0,0.0,0.0,0.0,0.0,9866923
5,6,0,0,0,9866922.0,0.0,330551.0,0.0,0.0,0.0,0.0,0.0,0.0,9866923
6,7,0,10000753,0,129972.0,0.0,200579.0,9736951.0,0.0,263802.0,0.0,0.0,0.0,9866923
7,8,0,0,0,200579.0,0.0,0.0,263802.0,0.0,0.0,0.0,0.0,0.0,9866923
8,9,0,0,0,0.0,0.0,0.0,0.0,0.0,0.0,0.0,0.0,0.0,9866923
9,10,10002487,0,0,0.0,0.0,10002487.0,0.0,0.0,0.0,0.0,0.0,0.0,9866923
10,11,10001335,10002282,0,0.0,0.0,20003822.0,9731897.0,0.0,270385.0,0.0,0.0,0.0,9866923
11,12,10001809,0,10000077,0.0,0.0,30005631.0,270383.0,0.0,2.0,0.0,0.0,10000077.0,9866923
12,13,0,0,0,0.0,0.0,30005631.0,0.0,0.0,2.0,0.0,0.0,10000077.0,9866923
13,14,0,0,0,0.0,0.0,30005631.0,0.0,0.0,2.0,0.0,0.0,10000077.0,9866923
14,15,0,0,10004527,0.0,0.0,30005631.0,2.0,0.0,0.0,0.0,0.0,20004604.0,9866923
15,16,0,0,0,0.0,0.0,30005631.0,0.0,0.0,0.0,0.0,0.0,20004604.0,9866923
16,17,0,10002602,0,0.0,0.0,30005631.0,9738385.0,0.0,264217.0,0.0,0.0,20004604.0,9866923
17,18,0,0,0,0.0,0.0,30005631.0,264216.0,0.0,1.0,0.0,0.0,20004604.0,9866923
18,19,0,0,0,0.0,0.0,30005631.0,0.0,0.0,1.0,0.0,0.0,20004604.0,9866923
19,20,0,10003811,0,0.0,0.0,30005631.0,9866921.0,0.0,136891.0,0.0,0.0,20004604.0,9866923
20,21,0,0,0,0.0,0.0,30005631.0,136891.0,0.0,0.0,0.0,0.0,20004604.0,9866923
21,22,0,0,0,0.0,9866923.0,20138708.0,0.0,0.0,0.0,0.0,0.0,20004604.0,9866923
22,23,0,10001704,0,207674.0,137278.0,19793756.0,9521969.0,0.0,479735.0,0.0,0.0,20004604.0,9866923
23,24,0,0,0,128537.0,0.0,19665219.0,479735.0,0.0,0.0,0.0,0.0,20004604.0,9866923
24,25,0,10002708,10002043,0.0,2.0,19665217.0,9866921.0,0.0,135787.0,0.0,0.0,30006647.0,9866923
25,26,0,0,0,0.0,9798293.0,9866924.0,68630.0,0.0,67157.0,0.0,0.0,30006647.0,9866923
26,27,0,0,0,0.0,9866922.0,2.0,1.0,0.0,67156.0,0.0,0.0,30006647.0,9866923
27,28,10000347,0,0,9669797.0,129972.0,200580.0,67153.0,0.0,3.0,0.0,0.0,30006647.0,9866923
28,29,0,10001241,0,1.0,200579.0,0.0,4926676.0,0.0,5074568.0,0.0,0.0,30006647.0,9866923
29,30,0,0,0,0.0,0.0,0.0,0.0,0.0,5074568.0,0.0,0.0,30006647.0,9866923
30,31,0,0,0,0.0,0.0,0.0,0.0,0.0,5074568.0,0.0,0.0,30006647.0,9866923
31,32,0,0,0,0.0,0.0,0.0,0.0,0.0,5074568.0,0.0,0.0,30006647.0,9866923
32,33,0,0,0,0.0,0.0,0.0,0.0,0.0,5074568.0,9866923.0,0.0,20139724.0,9866923
33,34,0,9999308,0,0.0,0.0,0.0,0.0,0.0,15073876.0,0.0,0.0,20139724.0,9866923
34,35,0,10003756,0,0.0,0.0,0.0,0.0,9736951.0,15340681.0,129971.0,0.0,20009753.0,9866923
35,36,0,0,0,0.0,0.0,0.0,0.0,263802.0,15076879.0,133547.0,0.0,19876206.0,9866923
36,37,0,0,0,0.0,0.0,0.0,0.0,0.0,15076879.0,9866923.0,0.0,10009283.0,9866923
37,38,0,9997826,0,0.0,0.0,0.0,0.0,0.0,25074705.0,9866923.0,0.0,142360.0,9866923
38,39,0,0,10003650,0.0,0.0,0.0,1.0,9731897.0,15342807.0,135024.0,0.0,10010986.0,9866923
39,40,0,9997936,0,0.0,0.0,0.0,0.0,270383.0,25070360.0,0.0,0.0,10010986.0,9866923
40,41,0,0,0,0.0,0.0,0.0,0.0,0.0,25070360.0,9866923.0,0.0,144063.0,9866923
41,42,0,0,0,0.0,0.0,0.0,0.0,0.0,25070360.0,136777.0,0.0,7286.0,9866923
42,43,0,9999171,0,0.0,0.0,0.0,1.0,2.0,35069528.0,0.0,0.0,7286.0,9866923
43,44,9995461,0,0,9659249.0,207674.0,128538.0,0.0,0.0,35069528.0,0.0,0.0,7286.0,9866923
44,45,0,0,0,0.0,128537.0,1.0,0.0,9738385.0,25331143.0,0.0,0.0,7286.0,9866923
45,46,0,0,0,1.0,0.0,0.0,0.0,264216.0,25066927.0,0.0,0.0,7286.0,9866923
46,47,10000676,0,0,605100.0,0.0,9395576.0,0.0,0.0,25066927.0,0.0,0.0,7286.0,9866923
47,48,9988966,9992792,0,0.0,0.0,19384542.0,0.0,9866921.0,25192798.0,0.0,0.0,7286.0,9866923
48,49,0,0,0,0.0,9669797.0,9714745.0,0.0,136891.0,25055907.0,0.0,0.0,7286.0,9866923
49,50,0,0,0,0.0,1.0,9714744.0,1.0,0.0,25055906.0,0.0,0.0,7286.0,9866923
50,51,0,0,0,263498.0,0.0,9451246.0,0.0,9521969.0,15533937.0,0.0,0.0,7286.0,9866923
51,52,0,0,0,9191527.0,0.0,259719.0,0.0,479735.0,15054202.0,0.0,0.0,7286.0,9866923
52,53,0,0,0,0.0,0.0,259719.0,0.0,9866921.0,5187281.0,0.0,0.0,7286.0,9866923
53,54,0,0,0,0.0,0.0,259719.0,0.0,68630.0,5118651.0,7286.0,0.0,0.0,9866923
54,55,0,0,0,0.0,0.0,259719.0,124819.0,1.0,4993831.0,0.0,0.0,0.0,9866923
55,56,10004632,0,9998260,1.0,0.0,10264350.0,0.0,67153.0,4926678.0,9799768.0,0.0,198492.0,9866923
56,57,0,0,0,0.0,0.0,10264350.0,0.0,4926676.0,2.0,0.0,0.0,198492.0,9866923
57,58,0,0,9997600,0.0,0.0,10264350.0,0.0,0.0,2.0,9866923.0,0.0,329169.0,9866923
58,59,0,0,0,0.0,0.0,10264350.0,0.0,0.0,2.0,320369.0,0.0,8800.0,9866923
59,60,0,0,10002075,0.0,0.0,10264350.0,0.0,0.0,2.0,0.0,0.0,10010875.0,9866923
60,61,0,0,0,0.0,0.0,10264350.0,0.0,0.0,2.0,0.0,0.0,10010875.0,9866923
61,62,0,0,0,0.0,0.0,10264350.0,0.0,0.0,2.0,0.0,0.0,10010875.0,9866923
62,63,0,0,0,0.0,0.0,10264350.0,0.0,0.0,2.0,0.0,0.0,10010875.0,9866923
63,64,0,0,0,0.0,0.0,10264350.0,0.0,0.0,2.0,0.0,0.0,10010875.0,9866923
64,65,0,0,9997569,0.0,9659249.0,605101.0,0.0,0.0,2.0,0.0,0.0,20008444.0,9866923
65,66,0,0,0,0.0,0.0,605101.0,0.0,0.0,2.0,9866923.0,0.0,10141521.0,9866923
66,67,0,0,0,0.0,1.0,605100.0,0.0,1.0,1.0,131820.0,0.0,10009701.0,9866923
67,68,0,0,0,0.0,605100.0,0.0,0.0,0.0,1.0,9261822.0,0.0,747879.0,9866923
68,69,0,0,0,0.0,0.0,0.0,0.0,0.0,1.0,742316.0,0.0,5563.0,9866923
69,70,0,0,0,0.0,0.0,0.0,0.0,0.0,1.0,0.0,0.0,5563.0,9866923
70,71,0,0,0,0.0,0.0,0.0,0.0,1.0,0.0,5563.0,0.0,0.0,9866923
71,72,9998883,0,10002695,0.0,263498.0,9735385.0,0.0,0.0,0.0,9603425.0,0.0,399270.0,9866923
72,73,0,0,0,0.0,9191527.0,543858.0,0.0,0.0,0.0,391432.0,0.0,7838.0,9866923
73,74,0,0,0,543857.0,0.0,1.0,0.0,0.0,0.0,0.0,0.0,7838.0,9866923
74,75,0,9998115,0,0.0,0.0,1.0,9866923.0,0.0,131192.0,0.0,0.0,7838.0,9866923
75,76,0,0,0,0.0,0.0,1.0,131191.0,0.0,1.0,7838.0,0.0,0.0,9866923
76,77,0,0,0,0.0,1.0,0.0,0.0,0.0,1.0,0.0,0.0,0.0,9866923
77,78,0,10000973,0,0.0,0.0,0.0,4114.0,1.0,9996859.0,0.0,0.0,0.0,9866923
78,79,0,0,9995552,0.0,0.0,0.0,0.0,0.0,9996859.0,9866923.0,0.0,128629.0,9866923
79,80,0,0,0,0.0,0.0,0.0,9740440.0,0.0,256419.0,126483.0,0.0,2146.0,9866923
80,81,0,0,0,0.0,0.0,0.0,256419.0,0.0,0.0,0.0,0.0,2146.0,9866923
81,82,0,0,0,0.0,0.0,0.0,0.0,0.0,0.0,0.0,0.0,2146.0,9866923
82,83,0,10001280,0,0.0,0.0,0.0,0.0,124819.0,9876461.0,0.0,0.0,2146.0,9866923
83,84,0,0,0,0.0,0.0,0.0,0.0,0.0,9876461.0,2146.0,0.0,0.0,9866923
84,85,0,0,0,0.0,0.0,0.0,143085.0,0.0,9733376.0,0.0,0.0,0.0,9866923
85,86,0,0,0,0.0,0.0,0.0,9733375.0,0.0,1.0,0.0,0.0,0.0,9866923
86,87,0,0,0,0.0,0.0,0.0,0.0,0.0,1.0,0.0,0.0,0.0,9866923
87,88,0,0,0,0.0,0.0,0.0,0.0,0.0,1.0,0.0,0.0,0.0,9866923
88,89,0,0,0,0.0,0.0,0.0,0.0,0.0,1.0,0.0,0.0,0.0,9866923
89,90,0,0,0,0.0,0.0,0.0,0.0,0.0,1.0,0.0,0.0,0.0,9866923
90,91,9999550,0,0,9866923.0,0.0,132627.0,0.0,0.0,1.0,0.0,0.0,0.0,9866923
91,92,10005099,0,0,9593867.0,0.0,543859.0,0.0,0.0,1.0,0.0,0.0,0.0,9866923
92,93,0,0,10003386,0.0,0.0,543859.0,0.0,0.0,1.0,9866922.0,0.0,136464.0,9866923
93,94,0,0,9998251,0.0,0.0,543859.0,0.0,0.0,1.0,9866923.0,0.0,267792.0,9866923
94,95,0,0,0,0.0,543857.0,2.0,0.0,0.0,1.0,266913.0,0.0,879.0,9866923
95,96,0,0,0,1.0,0.0,1.0,1.0,0.0,0.0,879.0,0.0,0.0,9866923
96,97,0,0,0,0.0,0.0,1.0,0.0,0.0,0.0,0.0,0.0,0.0,9866923
97,98,0,0,0,0.0,0.0,1.0,0.0,0.0,0.0,0.0,0.0,0.0,9866923
98,99,10002018,0,0,269827.0,0.0,9732192.0,0.0,0.0,0.0,0.0,0.0,0.0,9866923
99,100,9997595,10002230,0,0.0,0.0,19729787.0,0.0,0.0,10002230.0,0.0,0.0,0.0,9866923
100,101,0,0,0,0.0,0.0,19729787.0,0.0,0.0,10002230.0,0.0,0.0,0.0,9866923
101,102,0,0,0,0.0,0.0,19729787.0,0.0,0.0,10002230.0,0.0,0.0,0.0,9866923
102,103,0,0,0,0.0,0.0,19729787.0,0.0,9866923.0,135307.0,0.0,0.0,0.0,9866923
103,104,0,0,0,0.0,0.0,19729787.0,0.0,131191.0,4116.0,0.0,0.0,0.0,9866923
104,105,0,0,0,0.0,0.0,19729787.0,0.0,0.0,4116.0,0.0,0.0,0.0,9866923
105,106,10001869,0,0,9862807.0,0.0,19868849.0,0.0,4114.0,2.0,0.0,0.0,0.0,9866923
106,107,0,0,0,138231.0,0.0,19730618.0,0.0,0.0,2.0,0.0,0.0,0.0,9866923
107,108,0,10001447,0,0.0,0.0,19730618.0,0.0,9740440.0,261009.0,0.0,0.0,0.0,9866923
108,109,0,0,0,0.0,0.0,19730618.0,4589.0,256419.0,1.0,0.0,0.0,0.0,9866923
109,110,0,0,0,0.0,0.0,19730618.0,0.0,0.0,1.0,0.0,0.0,0.0,9866923
110,111,0,10003775,9996894,0.0,0.0,19730618.0,0.0,0.0,10003776.0,0.0,9866923.0,129971.0,9866923
111,112,0,0,0,0.0,9866923.0,9863695.0,0.0,0.0,10003776.0,0.0,0.0,129971.0,9866923
112,113,0,0,0,0.0,9593867.0,269828.0,0.0,143085.0,9860691.0,0.0,129971.0,0.0,9866923
113,114,0,0,10000470,0.0,0.0,269828.0,1.0,9733375.0,127315.0,0.0,133547.0,9866923.0,9866923
114,115,0,0,0,0.0,0.0,269828.0,0.0,0.0,127315.0,0.0,9866923.0,0.0,9866923
115,116,0,0,10001947,0.0,0.0,269828.0,0.0,0.0,127315.0,0.0,9866923.0,135024.0,9866923
116,117,0,0,0,0.0,1.0,269827.0,127313.0,0.0,2.0,0.0,135024.0,0.0,9866923
117,118,0,0,0,0.0,0.0,269827.0,0.0,0.0,2.0,0.0,0.0,0.0,9866923
118,119,0,0,10003700,0.0,0.0,269827.0,0.0,0.0,2.0,0.0,9866923.0,136777.0,9866923
119,120,0,0,0,0.0,269827.0,0.0,0.0,0.0,2.0,0.0,136777.0,0.0,9866923
120,121,0,0,0,0.0,0.0,0.0,0.0,0.0,2.0,0.0,0.0,0.0,9866923
121,122,0,0,0,0.0,0.0,0.0,0.0,0.0,2.0,0.0,0.0,0.0,9866923
122,123,0,0,0,0.0,0.0,0.0,1.0,0.0,1.0,0.0,0.0,0.0,9866923
123,124,0,0,0,0.0,0.0,0.0,0.0,1.0,0.0,0.0,0.0,0.0,9866923
124,125,0,0,0,0.0,0.0,0.0,0.0,0.0,0.0,0.0,0.0,0.0,9866923
125,126,0,0,0,0.0,0.0,0.0,0.0,0.0,0.0,0.0,0.0,0.0,9866923
126,127,10001209,0,0,4116.0,9862807.0,134286.0,0.0,0.0,0.0,0.0,0.0,0.0,9866923
127,128,9996135,0,0,9728692.0,138231.0,263498.0,0.0,0.0,0.0,0.0,0.0,0.0,9866923
128,129,0,0,0,263497.0,0.0,1.0,0.0,0.0,0.0,0.0,0.0,0.0,9866923
129,130,0,0,0,0.0,0.0,1.0,0.0,0.0,0.0,0.0,0.0,0.0,9866923
130,131,0,10001992,0,0.0,0.0,1.0,9866923.0,0.0,135069.0,0.0,0.0,0.0,9866923
131,132,0,0,9994874,1.0,0.0,0.0,135068.0,0.0,1.0,0.0,7286.0,9987588.0,9866923
132,133,0,10004518,0,0.0,0.0,0.0,9866923.0,0.0,137596.0,0.0,0.0,9987588.0,9866923
133,134,0,9996611,0,0.0,0.0,0.0,67155.0,0.0,10067052.0,0.0,9799768.0,187820.0,9866923
134,135,0,0,9999472,0.0,0.0,0.0,9866923.0,0.0,200129.0,0.0,0.0,10187292.0,9866923
135,136,0,0,0,0.0,0.0,0.0,0.0,0.0,200129.0,0.0,9866923.0,320369.0,9866923
136,137,0,0,0,0.0,0.0,0.0,131753.0,4589.0,63787.0,0.0,320369.0,0.0,9866923
137,138,0,0,0,0.0,0.0,0.0,0.0,0.0,63787.0,0.0,0.0,0.0,9866923
138,139,0,0,0,0.0,0.0,0.0,63786.0,0.0,1.0,0.0,0.0,0.0,9866923
139,140,0,0,0,0.0,0.0,0.0,0.0,0.0,1.0,0.0,0.0,0.0,9866923
140,141,0,0,0,0.0,0.0,0.0,0.0,0.0,1.0,0.0,0.0,0.0,9866923
141,142,0,0,0,0.0,0.0,0.0,0.0,1.0,0.0,0.0,0.0,0.0,9866923
142,143,0,0,0,0.0,0.0,0.0,0.0,0.0,0.0,0.0,0.0,0.0,9866923
143,144,0,0,9998743,0.0,0.0,0.0,0.0,0.0,0.0,0.0,9866923.0,131820.0,9866923
144,145,10002159,9999998,0,0.0,0.0,10002159.0,9600009.0,127313.0,272676.0,0.0,131820.0,0.0,9866923
145,146,0,0,10004138,0.0,0.0,10002159.0,272674.0,0.0,2.0,0.0,9261822.0,742316.0,9866923
146,147,0,0,0,0.0,0.0,10002159.0,1.0,0.0,1.0,0.0,742316.0,0.0,9866923
147,148,0,0,0,0.0,4116.0,9998043.0,0.0,0.0,1.0,0.0,0.0,0.0,9866923
148,149,0,0,10000420,0.0,9728692.0,269351.0,0.0,0.0,1.0,0.0,5563.0,9994857.0,9866923
149,150,0,0,0,0.0,263497.0,5854.0,0.0,0.0,1.0,0.0,9603425.0,391432.0,9866923
150,151,0,10000646,0,0.0,0.0,5854.0,59863.0,1.0,9940783.0,0.0,391432.0,0.0,9866923
151,152,0,0,0,0.0,0.0,5854.0,0.0,0.0,9940783.0,0.0,0.0,0.0,9866923
152,153,9997691,0,0,0.0,1.0,10003544.0,0.0,0.0,9940783.0,0.0,0.0,0.0,9866923
153,154,0,9995287,10001244,0.0,0.0,10003544.0,0.0,0.0,19936070.0,0.0,7838.0,9993406.0,9866923
154,155,0,0,0,9866923.0,0.0,136621.0,0.0,0.0,19936070.0,0.0,0.0,9993406.0,9866923
155,156,0,0,0,136621.0,0.0,0.0,0.0,0.0,19936070.0,0.0,0.0,9993406.0,9866923
156,157,0,0,0,0.0,0.0,0.0,0.0,0.0,19936070.0,0.0,9866923.0,126483.0,9866923
157,158,0,0,0,0.0,0.0,0.0,0.0,0.0,19936070.0,0.0,126483.0,0.0,9866923
158,159,0,0,0,0.0,0.0,0.0,0.0,9866923.0,10069147.0,0.0,0.0,0.0,9866923
159,160,0,0,0,0.0,0.0,0.0,0.0,135068.0,9934079.0,0.0,0.0,0.0,9866923
160,161,0,0,10004764,0.0,0.0,0.0,0.0,9866923.0,67156.0,0.0,0.0,10004764.0,9866923
161,162,0,0,0,0.0,0.0,0.0,0.0,67155.0,1.0,0.0,2146.0,10002618.0,9866923
162,163,0,9998676,0,0.0,0.0,0.0,0.0,9866923.0,131754.0,0.0,0.0,10002618.0,9866923
163,164,0,0,0,0.0,0.0,0.0,0.0,0.0,131754.0,0.0,0.0,10002618.0,9866923
164,165,0,0,0,0.0,0.0,0.0,0.0,131753.0,1.0,0.0,0.0,10002618.0,9866923
165,166,0,0,9998141,0.0,0.0,0.0,0.0,0.0,1.0,0.0,0.0,20000759.0,9866923
166,167,0,9996333,0,0.0,0.0,0.0,0.0,63786.0,9932548.0,0.0,0.0,20000759.0,9866923
167,168,0,0,0,0.0,0.0,0.0,0.0,0.0,9932548.0,0.0,0.0,20000759.0,9866923
168,169,0,0,0,0.0,0.0,0.0,0.0,0.0,9932548.0,0.0,0.0,20000759.0,9866923
169,170,0,0,0,0.0,0.0,0.0,0.0,0.0,9932548.0,0.0,0.0,20000759.0,9866923
170,171,0,0,0,0.0,0.0,0.0,0.0,0.0,9932548.0,0.0,9866922.0,10133837.0,9866923
171,172,0,0,0,0.0,0.0,0.0,0.0,0.0,9932548.0,0.0,9866923.0,266914.0,9866923
172,173,0,0,0,0.0,0.0,0.0,0.0,9600009.0,332539.0,0.0,266913.0,1.0,9866923
173,174,0,0,9999546,0.0,0.0,0.0,0.0,272674.0,59865.0,0.0,879.0,9998668.0,9866923
174,175,0,0,0,0.0,0.0,0.0,0.0,1.0,59864.0,0.0,0.0,9998668.0,9866923
175,176,10003545,0,0,0.0,9866923.0,136622.0,0.0,0.0,59864.0,0.0,0.0,9998668.0,9866923
176,177,0,0,0,0.0,136621.0,1.0,0.0,0.0,59864.0,0.0,0.0,9998668.0,9866923
177,178,0,0,0,0.0,0.0,1.0,0.0,0.0,59864.0,0.0,0.0,9998668.0,9866923
178,179,0,0,0,0.0,0.0,1.0,0.0,59863.0,1.0,0.0,0.0,9998668.0,9866923
179,180,0,0,0,0.0,0.0,1.0,0.0,0.0,1.0,0.0,0.0,9998668.0,9866923
