,instance,arrival_pfizer,arrival_moderna,arrival_astrazeneca,first_doses_Pfizer,second_doses_Pfizer,stock_values_Pfizer,first_doses_Moderna,second_doses_Moderna,stock_values_Moderna,first_doses_Astrazeneca,second_doses_Astrazeneca,stock_values_Astrazeneca,capacity
0,1,0,10002102,0,0.0,0.0,0.0,9961.0,0.0,9992141.0,0.0,0.0,0.0,10000440
1,2,0,0,0,0.0,0.0,0.0,0.0,0.0,9992141.0,0.0,0.0,0.0,10000440
2,3,10000276,0,0,4990215.0,0.0,5010061.0,0.0,0.0,9992141.0,0.0,0.0,0.0,10000440
3,4,0,9998069,0,0.0,0.0,5010061.0,0.0,0.0,19990210.0,0.0,0.0,0.0,10000440
4,5,0,0,0,0.0,0.0,5010061.0,9991728.0,0.0,9998482.0,0.0,0.0,0.0,10000440
5,6,0,0,0,10191.0,0.0,4999870.0,0.0,0.0,9998482.0,0.0,0.0,0.0,10000440
6,7,0,0,0,4999870.0,0.0,0.0,0.0,0.0,9998482.0,0.0,0.0,0.0,10000440
7,8,0,0,0,0.0,0.0,0.0,9996515.0,0.0,1967.0,0.0,0.0,0.0,10000440
8,9,0,0,0,0.0,0.0,0.0,0.0,0.0,1967.0,0.0,0.0,0.0,10000440
9,10,0,0,0,0.0,0.0,0.0,0.0,0.0,1967.0,0.0,0.0,0.0,10000440
10,11,9997008,0,0,9997003.0,0.0,5.0,0.0,0.0,1967.0,0.0,0.0,0.0,10000440
11,12,0,0,0,0.0,0.0,5.0,0.0,0.0,1967.0,0.0,0.0,0.0,10000440
12,13,0,0,0,1.0,0.0,4.0,0.0,0.0,1967.0,0.0,0.0,0.0,10000440
13,14,0,0,0,0.0,0.0,4.0,0.0,0.0,1967.0,0.0,0.0,0.0,10000440
14,15,0,0,0,3.0,0.0,1.0,0.0,0.0,1967.0,0.0,0.0,0.0,10000440
15,16,0,0,0,1.0,0.0,0.0,1967.0,0.0,0.0,0.0,0.0,0.0,10000440
16,17,0,10002774,0,0.0,0.0,0.0,10000440.0,0.0,2334.0,0.0,0.0,0.0,10000440
17,18,0,10000598,0,0.0,0.0,0.0,10000440.0,0.0,2492.0,0.0,0.0,0.0,10000440
18,19,0,0,0,0.0,0.0,0.0,2492.0,0.0,0.0,0.0,0.0,0.0,10000440
19,20,9992329,0,0,9992325.0,0.0,4.0,0.0,0.0,0.0,0.0,0.0,0.0,10000440
20,21,9995414,0,0,9995412.0,0.0,6.0,0.0,0.0,0.0,0.0,0.0,0.0,10000440
21,22,9999920,0,0,5009708.0,0.0,4990218.0,0.0,0.0,0.0,0.0,0.0,0.0,10000440
22,23,0,0,0,0.0,0.0,4990218.0,0.0,0.0,0.0,0.0,0.0,0.0,10000440
23,24,0,0,0,0.0,4990215.0,3.0,0.0,0.0,0.0,0.0,0.0,0.0,10000440
24,25,0,0,0,0.0,0.0,3.0,0.0,0.0,0.0,0.0,0.0,0.0,10000440
25,26,0,0,9996865,0.0,0.0,3.0,0.0,0.0,0.0,0.0,0.0,9996865.0,10000440
26,27,9998113,10000207,10002049,0.0,10191.0,9987925.0,9990246.0,0.0,9961.0,0.0,0.0,19998914.0,10000440
27,28,0,0,0,0.0,4999870.0,4988055.0,0.0,0.0,9961.0,0.0,0.0,19998914.0,10000440
28,29,0,0,0,0.0,0.0,4988055.0,0.0,9961.0,0.0,0.0,0.0,19998914.0,10000440
29,30,10001561,0,0,0.0,0.0,14989616.0,0.0,0.0,0.0,9999832.0,0.0,9999082.0,10000440
30,31,0,0,0,0.0,0.0,14989616.0,0.0,0.0,0.0,0.0,0.0,9999082.0,10000440
31,32,0,0,0,0.0,9997003.0,4992613.0,0.0,0.0,0.0,0.0,0.0,9999082.0,10000440
32,33,0,9991728,0,0.0,0.0,4992613.0,0.0,9991728.0,0.0,0.0,0.0,9999082.0,10000440
33,34,0,0,0,0.0,1.0,4992612.0,0.0,0.0,0.0,6789.0,0.0,9992293.0,10000440
34,35,0,0,0,0.0,0.0,4992612.0,0.0,0.0,0.0,9992293.0,0.0,0.0,10000440
35,36,10003422,9996515,0,0.0,3.0,14996031.0,0.0,9996515.0,0.0,0.0,0.0,0.0,10000440
36,37,0,0,9997973,0.0,1.0,14996030.0,0.0,0.0,0.0,9997973.0,0.0,0.0,10000440
37,38,0,0,0,0.0,0.0,14996030.0,0.0,0.0,0.0,0.0,0.0,0.0,10000440
38,39,0,0,0,0.0,0.0,14996030.0,0.0,0.0,0.0,0.0,0.0,0.0,10000440
39,40,10001424,0,0,0.0,0.0,24997454.0,0.0,0.0,0.0,0.0,0.0,0.0,10000440
40,41,0,0,0,0.0,9992325.0,15005129.0,0.0,0.0,0.0,0.0,0.0,0.0,10000440
41,42,0,0,0,0.0,9995412.0,5009717.0,0.0,0.0,0.0,0.0,0.0,0.0,10000440
42,43,0,0,0,1.0,5009708.0,8.0,0.0,0.0,0.0,0.0,0.0,0.0,10000440
43,44,0,10002492,0,0.0,0.0,8.0,0.0,1967.0,10000525.0,0.0,0.0,0.0,10000440
44,45,0,10002847,0,0.0,0.0,8.0,0.0,10000440.0,10002932.0,0.0,0.0,0.0,10000440
45,46,0,0,0,0.0,0.0,8.0,0.0,10000440.0,2492.0,0.0,0.0,0.0,10000440
46,47,0,0,0,0.0,0.0,8.0,0.0,2492.0,0.0,0.0,0.0,0.0,10000440
47,48,0,0,0,1.0,0.0,7.0,0.0,0.0,0.0,0.0,0.0,0.0,10000440
48,49,0,0,10004826,0.0,0.0,7.0,0.0,0.0,0.0,10000440.0,0.0,4386.0,10000440
49,50,0,0,0,1.0,0.0,6.0,0.0,0.0,0.0,4386.0,0.0,0.0,10000440
50,51,0,9997190,0,1.0,0.0,5.0,0.0,0.0,9997190.0,0.0,0.0,0.0,10000440
51,52,0,0,0,0.0,0.0,5.0,0.0,0.0,9997190.0,0.0,0.0,0.0,10000440
52,53,0,0,0,0.0,0.0,5.0,0.0,0.0,9997190.0,0.0,0.0,0.0,10000440
53,54,0,0,0,1.0,0.0,4.0,0.0,0.0,9997190.0,0.0,0.0,0.0,10000440
54,55,0,0,0,0.0,0.0,4.0,0.0,9990246.0,6944.0,0.0,0.0,0.0,10000440
55,56,0,0,0,0.0,0.0,4.0,3933.0,0.0,3011.0,0.0,0.0,0.0,10000440
56,57,0,9993863,0,1.0,0.0,3.0,0.0,0.0,9996874.0,0.0,0.0,0.0,10000440
57,58,0,0,0,0.0,0.0,3.0,0.0,0.0,9996874.0,0.0,0.0,0.0,10000440
58,59,0,0,0,0.0,0.0,3.0,9996874.0,0.0,0.0,0.0,0.0,0.0,10000440
59,60,0,0,0,0.0,0.0,3.0,0.0,0.0,0.0,0.0,0.0,0.0,10000440
60,61,0,0,0,0.0,0.0,3.0,0.0,0.0,0.0,0.0,0.0,0.0,10000440
61,62,0,0,0,0.0,0.0,3.0,0.0,0.0,0.0,0.0,0.0,0.0,10000440
62,63,0,0,0,1.0,0.0,2.0,0.0,0.0,0.0,0.0,0.0,0.0,10000440
63,64,9999341,0,0,9999339.0,1.0,3.0,0.0,0.0,0.0,0.0,0.0,0.0,10000440
64,65,0,0,0,0.0,0.0,3.0,0.0,0.0,0.0,0.0,0.0,0.0,10000440
65,66,0,0,0,0.0,0.0,3.0,0.0,0.0,0.0,0.0,0.0,0.0,10000440
66,67,0,0,0,0.0,0.0,3.0,0.0,0.0,0.0,0.0,0.0,0.0,10000440
67,68,0,9998000,0,0.0,0.0,3.0,0.0,0.0,9998000.0,0.0,0.0,0.0,10000440
68,69,0,0,0,0.0,1.0,2.0,0.0,0.0,9998000.0,0.0,0.0,0.0,10000440
69,70,9996904,0,0,0.0,0.0,9996906.0,0.0,0.0,9998000.0,0.0,0.0,0.0,10000440
70,71,0,0,10000835,4992875.0,1.0,5004030.0,3371.0,0.0,9994629.0,5004193.0,0.0,4996642.0,10000440
71,72,0,0,0,5004027.0,1.0,2.0,0.0,0.0,9994629.0,0.0,0.0,4996642.0,10000440
72,73,0,0,0,0.0,0.0,2.0,0.0,0.0,9994629.0,4996642.0,0.0,0.0,10000440
73,74,0,0,0,2.0,0.0,0.0,9994629.0,0.0,0.0,0.0,0.0,0.0,10000440
74,75,9999566,0,0,5000519.0,1.0,4999046.0,0.0,0.0,0.0,0.0,0.0,0.0,10000440
75,76,0,0,0,0.0,0.0,4999046.0,0.0,0.0,0.0,0.0,0.0,0.0,10000440
76,77,0,0,0,0.0,0.0,4999046.0,0.0,0.0,0.0,0.0,0.0,0.0,10000440
77,78,0,0,0,0.0,1.0,4999045.0,0.0,0.0,0.0,0.0,0.0,0.0,10000440
78,79,0,0,0,0.0,0.0,4999045.0,0.0,0.0,0.0,0.0,0.0,0.0,10000440
79,80,0,0,0,4999045.0,0.0,0.0,0.0,0.0,0.0,0.0,0.0,0.0,10000440
80,81,9999373,0,0,3977.0,0.0,9995396.0,0.0,0.0,0.0,0.0,0.0,0.0,10000440
81,82,0,0,0,4999100.0,0.0,4996296.0,0.0,0.0,0.0,0.0,0.0,0.0,10000440
82,83,0,0,0,0.0,0.0,4996296.0,0.0,0.0,0.0,0.0,0.0,0.0,10000440
83,84,10007623,9998683,0,1.0,1.0,15003917.0,9993651.0,3933.0,1099.0,0.0,0.0,0.0,10000440
84,85,0,0,0,0.0,9999339.0,5004578.0,1099.0,0.0,0.0,0.0,0.0,0.0,10000440
85,86,0,0,0,0.0,0.0,5004578.0,0.0,0.0,0.0,0.0,0.0,0.0,10000440
86,87,0,9999341,0,0.0,0.0,5004578.0,2467.0,9996874.0,0.0,0.0,0.0,0.0,10000440
87,88,10002237,0,0,10000440.0,0.0,5006375.0,0.0,0.0,0.0,0.0,0.0,0.0,10000440
88,89,0,0,0,6451.0,0.0,4999924.0,0.0,0.0,0.0,0.0,0.0,0.0,10000440
89,90,0,0,0,1.0,0.0,4999923.0,0.0,0.0,0.0,0.0,0.0,0.0,10000440
90,91,0,0,10002373,0.0,0.0,4999923.0,0.0,0.0,0.0,10000440.0,0.0,1933.0,10000440
91,92,0,0,0,7048.0,4992875.0,0.0,0.0,0.0,0.0,1933.0,0.0,0.0,10000440
92,93,9998807,0,0,4994774.0,5004027.0,6.0,0.0,0.0,0.0,0.0,0.0,0.0,10000440
93,94,0,0,0,0.0,0.0,6.0,0.0,0.0,0.0,0.0,0.0,0.0,10000440
94,95,10002786,0,0,5002267.0,2.0,5000523.0,0.0,0.0,0.0,0.0,0.0,0.0,10000440
95,96,0,0,0,1.0,5000519.0,3.0,0.0,0.0,0.0,0.0,0.0,0.0,10000440
96,97,0,0,0,0.0,0.0,3.0,0.0,0.0,0.0,0.0,0.0,0.0,10000440
97,98,0,10004230,0,0.0,0.0,3.0,10000440.0,0.0,3790.0,0.0,0.0,0.0,10000440
98,99,0,10000953,10001455,0.0,0.0,3.0,0.0,3371.0,10001372.0,9997069.0,0.0,4386.0,10000440
99,100,0,0,0,1.0,0.0,2.0,9996054.0,0.0,5318.0,4385.0,0.0,1.0,10000440
100,101,10002123,0,0,0.0,4999045.0,5003080.0,5318.0,0.0,0.0,1.0,0.0,0.0,10000440
101,102,0,9998581,0,0.0,3977.0,4999103.0,1834.0,9994629.0,2118.0,0.0,0.0,0.0,10000440
102,103,0,0,0,0.0,4999100.0,3.0,0.0,0.0,2118.0,0.0,0.0,0.0,10000440
103,104,0,0,0,0.0,0.0,3.0,0.0,0.0,2118.0,0.0,0.0,0.0,10000440
104,105,0,9998970,0,0.0,1.0,2.0,0.0,0.0,10001088.0,0.0,0.0,0.0,10000440
105,106,0,0,0,0.0,0.0,2.0,0.0,0.0,10001088.0,0.0,0.0,0.0,10000440
106,107,0,0,0,0.0,0.0,2.0,0.0,0.0,10001088.0,0.0,0.0,0.0,10000440
107,108,0,0,9999832,0.0,0.0,2.0,0.0,0.0,10001088.0,0.0,9999832.0,0.0,10000440
108,109,10006890,0,0,0.0,10000440.0,6452.0,0.0,0.0,10001088.0,0.0,0.0,0.0,10000440
109,110,0,0,0,0.0,6451.0,1.0,0.0,0.0,10001088.0,0.0,0.0,0.0,10000440
110,111,0,0,0,0.0,1.0,0.0,0.0,0.0,10001088.0,0.0,0.0,0.0,10000440
111,112,0,0,10004502,0.0,0.0,0.0,0.0,9993651.0,7437.0,0.0,6789.0,9997713.0,10000440
112,113,10004093,0,10001455,0.0,7048.0,9997045.0,0.0,1099.0,6338.0,0.0,9992293.0,10006875.0,10000440
113,114,0,0,0,2.0,4994774.0,5002269.0,0.0,0.0,6338.0,0.0,0.0,10006875.0,10000440
114,115,0,10000736,0,0.0,0.0,5002269.0,0.0,2467.0,10004607.0,0.0,9997973.0,8902.0,10000440
115,116,0,0,0,0.0,5002267.0,2.0,0.0,0.0,10004607.0,0.0,0.0,8902.0,10000440
116,117,0,0,9998331,0.0,1.0,1.0,0.0,0.0,10004607.0,0.0,0.0,10007233.0,10000440
117,118,0,0,0,0.0,0.0,1.0,0.0,0.0,10004607.0,0.0,0.0,10007233.0,10000440
118,119,0,0,0,0.0,0.0,1.0,0.0,0.0,10004607.0,0.0,0.0,10007233.0,10000440
119,120,0,0,0,0.0,0.0,1.0,0.0,0.0,10004607.0,0.0,0.0,10007233.0,10000440
120,121,0,0,0,0.0,1.0,0.0,0.0,0.0,10004607.0,0.0,0.0,10007233.0,10000440
121,122,0,0,0,0.0,0.0,0.0,0.0,0.0,10004607.0,0.0,0.0,10007233.0,10000440
122,123,0,0,0,0.0,0.0,0.0,0.0,0.0,10004607.0,0.0,0.0,10007233.0,10000440
123,124,0,10001589,0,0.0,0.0,0.0,0.0,0.0,20006196.0,0.0,0.0,10007233.0,10000440
124,125,0,10001295,0,0.0,0.0,0.0,0.0,0.0,30007491.0,0.0,0.0,10007233.0,10000440
125,126,0,0,0,0.0,0.0,0.0,0.0,10000440.0,20007051.0,0.0,0.0,10007233.0,10000440
126,127,10000004,0,0,0.0,0.0,10000004.0,0.0,0.0,20007051.0,0.0,10000440.0,6793.0,10000440
127,128,0,9998962,0,0.0,0.0,10000004.0,0.0,9996054.0,20009959.0,0.0,4386.0,2407.0,10000440
128,129,0,0,0,9990580.0,0.0,9424.0,0.0,5318.0,20004641.0,0.0,0.0,2407.0,10000440
129,130,0,0,0,9422.0,0.0,2.0,0.0,1834.0,20002807.0,0.0,0.0,2407.0,10000440
130,131,9996089,0,9999973,5001177.0,0.0,4994914.0,0.0,0.0,20002807.0,0.0,0.0,10002380.0,10000440
131,132,0,0,0,0.0,0.0,4994914.0,0.0,0.0,20002807.0,0.0,0.0,10002380.0,10000440
132,133,0,0,0,4994912.0,0.0,2.0,0.0,0.0,20002807.0,0.0,0.0,10002380.0,10000440
133,134,0,0,0,0.0,0.0,2.0,0.0,0.0,20002807.0,0.0,0.0,10002380.0,10000440
134,135,0,0,0,0.0,2.0,0.0,0.0,0.0,20002807.0,0.0,0.0,10002380.0,10000440
135,136,0,0,0,0.0,0.0,0.0,0.0,0.0,20002807.0,0.0,0.0,10002380.0,10000440
136,137,10003464,0,0,10000440.0,0.0,3024.0,0.0,0.0,20002807.0,0.0,0.0,10002380.0,10000440
137,138,0,0,0,2937.0,0.0,87.0,9997503.0,0.0,10005304.0,0.0,0.0,10002380.0,10000440
138,139,10003158,0,10001354,10000440.0,0.0,2805.0,0.0,0.0,10005304.0,0.0,0.0,20003734.0,10000440
139,140,0,0,0,2805.0,0.0,0.0,0.0,0.0,10005304.0,0.0,0.0,20003734.0,10000440
140,141,0,0,0,0.0,0.0,0.0,0.0,0.0,10005304.0,0.0,0.0,20003734.0,10000440
141,142,0,0,0,0.0,0.0,0.0,0.0,0.0,10005304.0,0.0,0.0,20003734.0,10000440
142,143,9994145,0,0,9994145.0,0.0,0.0,0.0,0.0,10005304.0,0.0,0.0,20003734.0,10000440
143,144,0,0,0,0.0,0.0,0.0,0.0,0.0,10005304.0,0.0,0.0,20003734.0,10000440
144,145,0,0,0,0.0,0.0,0.0,0.0,0.0,10005304.0,0.0,0.0,20003734.0,10000440
145,146,0,0,0,0.0,0.0,0.0,0.0,0.0,10005304.0,0.0,0.0,20003734.0,10000440
146,147,10002919,10005709,0,0.0,0.0,10002919.0,10000440.0,0.0,10010573.0,0.0,0.0,20003734.0,10000440
147,148,0,0,0,0.0,0.0,10002919.0,10000440.0,0.0,10133.0,0.0,0.0,20003734.0,10000440
148,149,0,0,9997244,4992876.0,0.0,5010043.0,3371.0,0.0,6762.0,0.0,5004193.0,24996785.0,10000440
149,150,10000997,0,0,9859.0,9990580.0,5010601.0,1.0,0.0,6761.0,0.0,0.0,24996785.0,10000440
150,151,0,0,0,1.0,9422.0,5001178.0,6761.0,0.0,0.0,0.0,4996642.0,20000143.0,10000440
151,152,0,0,10004607,0.0,5001177.0,1.0,0.0,0.0,0.0,0.0,0.0,30004750.0,10000440
152,153,0,0,0,0.0,0.0,1.0,0.0,0.0,0.0,0.0,0.0,30004750.0,10000440
153,154,10001135,0,0,0.0,4994912.0,5006224.0,0.0,0.0,0.0,0.0,0.0,30004750.0,10000440
154,155,9996732,0,0,0.0,0.0,15002956.0,0.0,0.0,0.0,0.0,0.0,30004750.0,10000440
155,156,0,0,0,0.0,0.0,15002956.0,0.0,0.0,0.0,0.0,0.0,30004750.0,10000440
156,157,0,0,0,0.0,0.0,15002956.0,0.0,0.0,0.0,0.0,0.0,30004750.0,10000440
157,158,0,0,0,0.0,10000440.0,5002516.0,0.0,0.0,0.0,0.0,0.0,30004750.0,10000440
158,159,10000284,0,0,0.0,2937.0,14999863.0,0.0,0.0,0.0,0.0,0.0,30004750.0,10000440
159,160,0,0,0,0.0,10000440.0,4999423.0,0.0,0.0,0.0,0.0,0.0,30004750.0,10000440
160,161,0,0,0,0.0,2805.0,4996618.0,0.0,0.0,0.0,0.0,0.0,30004750.0,10000440
161,162,0,0,10003187,0.0,0.0,4996618.0,0.0,0.0,0.0,0.0,0.0,40007937.0,10000440
162,163,0,0,0,0.0,0.0,4996618.0,0.0,0.0,0.0,0.0,0.0,40007937.0,10000440
163,164,10000264,0,0,0.0,9994145.0,5002737.0,0.0,0.0,0.0,0.0,0.0,40007937.0,10000440
164,165,0,0,0,0.0,0.0,5002737.0,0.0,0.0,0.0,0.0,0.0,40007937.0,10000440
165,166,0,9997503,0,0.0,0.0,5002737.0,0.0,9997503.0,0.0,0.0,0.0,40007937.0,10000440
166,167,0,0,0,0.0,0.0,5002737.0,0.0,0.0,0.0,0.0,0.0,40007937.0,10000440
167,168,0,0,0,0.0,0.0,5002737.0,0.0,0.0,0.0,0.0,0.0,40007937.0,10000440
168,169,0,0,0,0.0,0.0,5002737.0,0.0,0.0,0.0,0.0,10000440.0,30007497.0,10000440
169,170,0,0,0,0.0,4992876.0,9861.0,0.0,0.0,0.0,0.0,1933.0,30005564.0,10000440
170,171,0,0,0,0.0,9859.0,2.0,0.0,0.0,0.0,0.0,0.0,30005564.0,10000440
171,172,0,0,0,0.0,1.0,1.0,0.0,0.0,0.0,0.0,0.0,30005564.0,10000440
172,173,0,0,9999465,0.0,0.0,1.0,0.0,0.0,0.0,0.0,0.0,40005029.0,10000440
173,174,0,0,0,0.0,0.0,1.0,0.0,0.0,0.0,0.0,0.0,40005029.0,10000440
174,175,0,10009599,10004330,0.0,0.0,1.0,0.0,10000440.0,9159.0,0.0,0.0,50009359.0,10000440
175,176,0,10001414,0,0.0,0.0,1.0,0.0,10000440.0,10133.0,0.0,0.0,50009359.0,10000440
176,177,0,0,0,0.0,0.0,1.0,0.0,3371.0,6762.0,0.0,9997069.0,40012290.0,10000440
177,178,0,0,0,0.0,0.0,1.0,0.0,1.0,6761.0,0.0,4385.0,40007905.0,10000440
178,179,0,0,0,0.0,0.0,1.0,0.0,6761.0,0.0,0.0,1.0,40007904.0,10000440
179,180,0,0,0,0.0,0.0,1.0,0.0,0.0,0.0,0.0,0.0,40007904.0,10000440
