,instance,arrival_pfizer,arrival_moderna,arrival_astrazeneca,first_doses_Pfizer,second_doses_Pfizer,stock_values_Pfizer,first_doses_Moderna,second_doses_Moderna,stock_values_Moderna,first_doses_Astrazeneca,second_doses_Astrazeneca,stock_values_Astrazeneca,capacity
0,1,0,9999761,10002891,0.0,0.0,0.0,4981303.0,0.0,5018458.0,5041228.0,0.0,4961663.0,10022531
1,2,0,0,0,0.0,0.0,0.0,5018458.0,0.0,0.0,4961663.0,0.0,0.0,10022531
2,3,0,9995201,0,0.0,0.0,0.0,9995198.0,0.0,3.0,0.0,0.0,0.0,10022531
3,4,0,9996201,0,0.0,0.0,0.0,9996201.0,0.0,3.0,0.0,0.0,0.0,10022531
4,5,0,0,0,0.0,0.0,0.0,0.0,0.0,3.0,0.0,0.0,0.0,10022531
5,6,0,0,10001367,0.0,0.0,0.0,0.0,0.0,3.0,9994771.0,0.0,6596.0,10022531
6,7,9994542,0,0,9994542.0,0.0,0.0,0.0,0.0,3.0,6596.0,0.0,0.0,10022531
7,8,0,0,0,0.0,0.0,0.0,0.0,0.0,3.0,0.0,0.0,0.0,10022531
8,9,10000280,0,0,5004073.0,0.0,4996207.0,2.0,0.0,1.0,0.0,0.0,0.0,10022531
9,10,0,0,9996696,0.0,0.0,4996207.0,0.0,0.0,1.0,9996696.0,0.0,0.0,10022531
10,11,10003561,0,0,0.0,0.0,14999768.0,0.0,0.0,1.0,0.0,0.0,0.0,10022531
11,12,0,9995374,10004198,0.0,0.0,14999768.0,24553.0,0.0,9970822.0,15463.0,0.0,9988735.0,10022531
12,13,0,0,0,0.0,0.0,14999768.0,9970822.0,0.0,0.0,0.0,0.0,9988735.0,10022531
13,14,10002970,10003171,0,0.0,0.0,25002738.0,6422.0,0.0,9996749.0,0.0,0.0,9988735.0,10022531
14,15,0,0,0,0.0,0.0,25002738.0,9996748.0,0.0,1.0,0.0,0.0,9988735.0,10022531
15,16,0,0,0,9998559.0,0.0,15004179.0,0.0,0.0,1.0,0.0,0.0,9988735.0,10022531
16,17,0,0,0,0.0,0.0,15004179.0,0.0,0.0,1.0,0.0,0.0,9988735.0,10022531
17,18,0,0,0,9974500.0,0.0,5029679.0,0.0,0.0,1.0,0.0,0.0,9988735.0,10022531
18,19,10008947,10000695,0,0.0,0.0,15038626.0,1.0,0.0,10000695.0,0.0,0.0,9988735.0,10022531
19,20,0,10001993,10000465,0.0,0.0,15038626.0,0.0,0.0,20002688.0,0.0,0.0,19989200.0,10022531
20,21,9997413,0,0,9978987.0,0.0,15057052.0,0.0,0.0,20002688.0,0.0,0.0,19989200.0,10022531
21,22,0,9996744,0,0.0,0.0,15057052.0,0.0,0.0,29999432.0,0.0,0.0,19989200.0,10022531
22,23,0,10002305,9995118,0.0,0.0,15057052.0,0.0,0.0,40001737.0,0.0,0.0,29984318.0,10022531
23,24,0,0,0,58437.0,0.0,14998615.0,0.0,0.0,40001737.0,0.0,0.0,29984318.0,10022531
24,25,0,0,10000503,0.0,0.0,14998615.0,0.0,0.0,40001737.0,9997616.0,0.0,29987205.0,10022531
25,26,0,0,0,0.0,0.0,14998615.0,0.0,0.0,40001737.0,0.0,0.0,29987205.0,10022531
26,27,0,0,0,0.0,0.0,14998615.0,0.0,0.0,40001737.0,0.0,0.0,29987205.0,10022531
27,28,0,0,9998582,0.0,9994542.0,5004073.0,0.0,0.0,40001737.0,0.0,0.0,39985787.0,10022531
28,29,0,9995592,10001600,0.0,0.0,5004073.0,0.0,4981303.0,45016026.0,0.0,0.0,49987387.0,10022531
29,30,0,0,10000131,0.0,5004073.0,0.0,0.0,5018458.0,39997568.0,0.0,0.0,59987518.0,10022531
30,31,0,0,0,0.0,0.0,0.0,0.0,9995198.0,30002370.0,0.0,0.0,59987518.0,10022531
31,32,0,0,0,0.0,0.0,0.0,0.0,9996201.0,20006169.0,0.0,0.0,59987518.0,10022531
32,33,0,0,0,0.0,0.0,0.0,0.0,0.0,20006169.0,0.0,0.0,59987518.0,10022531
33,34,9998008,0,0,9998008.0,0.0,0.0,0.0,0.0,20006169.0,0.0,0.0,59987518.0,10022531
34,35,0,0,0,0.0,0.0,0.0,3.0,0.0,20006166.0,0.0,0.0,59987518.0,10022531
35,36,0,0,0,0.0,0.0,0.0,5041023.0,0.0,14965143.0,0.0,0.0,59987518.0,10022531
36,37,9999689,0,0,1130.0,9998559.0,0.0,0.0,2.0,14965141.0,0.0,0.0,59987518.0,10022531
37,38,0,0,0,0.0,0.0,0.0,4963342.0,0.0,10001799.0,0.0,0.0,59987518.0,10022531
38,39,10001372,0,0,26871.0,9974500.0,1.0,1.0,0.0,10001798.0,0.0,0.0,59987518.0,10022531
39,40,0,0,0,0.0,0.0,1.0,0.0,24553.0,9977245.0,9997978.0,0.0,49989540.0,10022531
40,41,0,0,0,0.0,0.0,1.0,0.0,9970822.0,6423.0,0.0,0.0,49989540.0,10022531
41,42,9998229,0,0,19243.0,9978987.0,0.0,0.0,6422.0,1.0,0.0,0.0,49989540.0,10022531
42,43,0,9996748,0,0.0,0.0,0.0,0.0,9996748.0,1.0,0.0,0.0,49989540.0,10022531
43,44,0,0,0,0.0,0.0,0.0,0.0,0.0,1.0,0.0,0.0,49989540.0,10022531
44,45,10002424,0,10003534,5041341.0,58437.0,4902646.0,0.0,0.0,1.0,0.0,0.0,59993074.0,10022531
45,46,0,0,0,4902646.0,0.0,0.0,0.0,0.0,1.0,0.0,0.0,59993074.0,10022531
46,47,0,0,0,0.0,0.0,0.0,0.0,1.0,0.0,0.0,0.0,59993074.0,10022531
47,48,0,0,0,0.0,0.0,0.0,0.0,0.0,0.0,0.0,0.0,59993074.0,10022531
48,49,0,0,0,0.0,0.0,0.0,0.0,0.0,0.0,0.0,0.0,59993074.0,10022531
49,50,0,0,0,0.0,0.0,0.0,0.0,0.0,0.0,0.0,0.0,59993074.0,10022531
50,51,0,0,10003809,0.0,0.0,0.0,0.0,0.0,0.0,0.0,0.0,69996883.0,10022531
51,52,0,0,0,0.0,0.0,0.0,0.0,0.0,0.0,0.0,0.0,69996883.0,10022531
52,53,0,0,0,0.0,0.0,0.0,0.0,0.0,0.0,0.0,0.0,69996883.0,10022531
53,54,0,0,0,0.0,0.0,0.0,0.0,0.0,0.0,10002570.0,0.0,59994313.0,10022531
54,55,9999138,0,0,0.0,9998008.0,1130.0,0.0,0.0,0.0,0.0,0.0,59994313.0,10022531
55,56,0,0,0,0.0,0.0,1130.0,0.0,0.0,0.0,0.0,0.0,59994313.0,10022531
56,57,0,10001984,0,0.0,0.0,1130.0,10001982.0,0.0,2.0,0.0,0.0,59994313.0,10022531
57,58,0,0,0,0.0,1130.0,0.0,0.0,0.0,2.0,9997808.0,0.0,49996505.0,10022531
58,59,10000114,0,10003520,0.0,0.0,10000114.0,0.0,0.0,2.0,0.0,0.0,60000025.0,10022531
59,60,0,0,0,0.0,26871.0,9973243.0,0.0,0.0,2.0,9995660.0,0.0,50004365.0,10022531
60,61,0,0,0,0.0,0.0,9973243.0,2.0,0.0,0.0,0.0,0.0,50004365.0,10022531
61,62,0,0,0,0.0,0.0,9973243.0,0.0,0.0,0.0,0.0,0.0,50004365.0,10022531
62,63,0,10003288,0,0.0,19243.0,9954000.0,10003285.0,3.0,0.0,0.0,0.0,50004365.0,10022531
63,64,0,9999667,0,13950.0,0.0,9940050.0,26319.0,5041023.0,4932325.0,0.0,0.0,50004365.0,10022531
64,65,0,0,0,0.0,0.0,9940050.0,4932325.0,0.0,0.0,0.0,0.0,50004365.0,10022531
65,66,0,10001959,0,1.0,5041341.0,4898708.0,17847.0,4963342.0,5020770.0,0.0,0.0,50004365.0,10022531
66,67,10004601,0,0,25834.0,4902646.0,9974829.0,19650.0,1.0,5001119.0,0.0,0.0,50004365.0,10022531
67,68,0,0,0,9974829.0,0.0,0.0,2.0,0.0,5001117.0,0.0,0.0,50004365.0,10022531
68,69,0,0,0,0.0,0.0,0.0,0.0,0.0,5001117.0,10002181.0,0.0,40002184.0,10022531
69,70,0,0,0,0.0,0.0,0.0,5001117.0,0.0,0.0,0.0,0.0,40002184.0,10022531
70,71,0,0,0,0.0,0.0,0.0,0.0,0.0,0.0,0.0,0.0,40002184.0,10022531
71,72,0,0,0,0.0,0.0,0.0,0.0,0.0,0.0,0.0,0.0,40002184.0,10022531
72,73,0,0,0,0.0,0.0,0.0,0.0,0.0,0.0,0.0,0.0,40002184.0,10022531
73,74,0,10006174,0,0.0,0.0,0.0,25342.0,0.0,9980832.0,0.0,0.0,40002184.0,10022531
74,75,0,0,0,0.0,0.0,0.0,24914.0,0.0,9955918.0,0.0,0.0,40002184.0,10022531
75,76,0,10005507,10000388,0.0,0.0,0.0,4946791.0,0.0,15014634.0,0.0,0.0,50002572.0,10022531
76,77,0,0,0,0.0,0.0,0.0,0.0,0.0,15014634.0,0.0,0.0,50002572.0,10022531
77,78,0,9997689,0,0.0,0.0,0.0,1.0,0.0,25012322.0,0.0,0.0,50002572.0,10022531
78,79,0,0,0,0.0,0.0,0.0,0.0,0.0,25012322.0,0.0,5041228.0,44961344.0,10022531
79,80,0,0,0,0.0,0.0,0.0,0.0,0.0,25012322.0,0.0,4961663.0,39999681.0,10022531
80,81,0,0,0,0.0,0.0,0.0,0.0,0.0,25012322.0,0.0,0.0,39999681.0,10022531
81,82,0,0,0,0.0,0.0,0.0,1.0,0.0,25012321.0,0.0,0.0,39999681.0,10022531
82,83,0,0,0,0.0,0.0,0.0,0.0,0.0,25012321.0,0.0,0.0,39999681.0,10022531
83,84,10005844,0,0,27760.0,0.0,9978084.0,0.0,0.0,25012321.0,0.0,9994771.0,30004910.0,10022531
84,85,0,0,0,2.0,13950.0,9964132.0,0.0,10001982.0,15010339.0,0.0,6596.0,29998314.0,10022531
85,86,0,0,10005661,9964132.0,0.0,0.0,10909.0,0.0,14999430.0,0.0,0.0,40003975.0,10022531
86,87,9999737,0,10000444,9999736.0,1.0,0.0,0.0,0.0,14999430.0,0.0,0.0,50004419.0,10022531
87,88,10000664,0,0,1.0,25834.0,9974829.0,0.0,0.0,14999430.0,0.0,9996696.0,40007723.0,10022531
88,89,0,0,0,0.0,9974829.0,0.0,0.0,2.0,14999428.0,0.0,0.0,40007723.0,10022531
89,90,0,0,0,0.0,0.0,0.0,0.0,0.0,14999428.0,9997188.0,15463.0,29995072.0,10022531
90,91,0,0,0,0.0,0.0,0.0,0.0,10003285.0,4996143.0,0.0,0.0,29995072.0,10022531
91,92,0,0,0,0.0,0.0,0.0,0.0,26319.0,4969824.0,9996212.0,0.0,19998860.0,10022531
92,93,0,0,0,0.0,0.0,0.0,0.0,4932325.0,37499.0,0.0,0.0,19998860.0,10022531
93,94,10004685,0,0,10004684.0,0.0,1.0,0.0,17847.0,19652.0,0.0,0.0,19998860.0,10022531
94,95,0,0,0,0.0,0.0,1.0,0.0,19650.0,2.0,10002880.0,0.0,9995980.0,10022531
95,96,0,0,0,0.0,0.0,1.0,0.0,2.0,0.0,0.0,0.0,9995980.0,10022531
96,97,0,0,0,0.0,0.0,1.0,0.0,0.0,0.0,9995980.0,0.0,0.0,10022531
97,98,0,9998166,0,0.0,0.0,1.0,0.0,5001117.0,4997049.0,0.0,0.0,0.0,10022531
98,99,9999696,0,9999792,0.0,0.0,9999697.0,0.0,0.0,4997049.0,2604.0,0.0,9997188.0,10022531
99,100,0,0,0,0.0,0.0,9999697.0,0.0,0.0,4997049.0,0.0,0.0,9997188.0,10022531
100,101,0,0,0,0.0,0.0,9999697.0,0.0,0.0,4997049.0,0.0,0.0,9997188.0,10022531
101,102,0,0,0,0.0,0.0,9999697.0,0.0,25342.0,4971707.0,9997188.0,0.0,0.0,10022531
102,103,0,0,9997616,0.0,0.0,9999697.0,0.0,24914.0,4946793.0,0.0,9997616.0,0.0,10022531
103,104,0,0,0,0.0,0.0,9999697.0,0.0,4946791.0,2.0,0.0,0.0,0.0,10022531
104,105,0,0,0,0.0,27760.0,9971937.0,0.0,0.0,2.0,0.0,0.0,0.0,10022531
105,106,0,0,0,0.0,2.0,9971935.0,0.0,1.0,1.0,0.0,0.0,0.0,10022531
106,107,0,0,0,0.0,9964132.0,7803.0,0.0,0.0,1.0,0.0,0.0,0.0,10022531
107,108,9996799,0,0,0.0,9999736.0,4866.0,0.0,0.0,1.0,0.0,0.0,0.0,10022531
108,109,0,0,0,0.0,1.0,4865.0,0.0,0.0,1.0,0.0,0.0,0.0,10022531
109,110,0,0,0,0.0,0.0,4865.0,0.0,1.0,0.0,0.0,0.0,0.0,10022531
110,111,9999820,0,0,0.0,0.0,10004685.0,0.0,0.0,0.0,0.0,0.0,0.0,10022531
111,112,0,0,0,0.0,0.0,10004685.0,0.0,0.0,0.0,0.0,0.0,0.0,10022531
112,113,0,0,0,0.0,0.0,10004685.0,0.0,0.0,0.0,0.0,0.0,0.0,10022531
113,114,0,10004919,0,0.0,0.0,10004685.0,1.0,10909.0,9994009.0,0.0,0.0,0.0,10022531
114,115,0,0,0,0.0,10004684.0,1.0,0.0,0.0,9994009.0,0.0,0.0,0.0,10022531
115,116,0,0,0,0.0,0.0,1.0,2.0,0.0,9994007.0,0.0,0.0,0.0,10022531
116,117,0,0,0,0.0,0.0,1.0,0.0,0.0,9994007.0,0.0,0.0,0.0,10022531
117,118,0,0,9997978,0.0,0.0,1.0,0.0,0.0,9994007.0,0.0,9997978.0,0.0,10022531
118,119,0,0,0,0.0,0.0,1.0,0.0,0.0,9994007.0,0.0,0.0,0.0,10022531
119,120,0,0,0,0.0,0.0,1.0,0.0,0.0,9994007.0,0.0,0.0,0.0,10022531
120,121,0,0,0,1.0,0.0,0.0,0.0,0.0,9994007.0,0.0,0.0,0.0,10022531
121,122,0,0,0,0.0,0.0,0.0,0.0,0.0,9994007.0,0.0,0.0,0.0,10022531
122,123,0,0,0,0.0,0.0,0.0,0.0,0.0,9994007.0,0.0,0.0,0.0,10022531
123,124,0,10002409,0,0.0,0.0,0.0,0.0,0.0,19996416.0,0.0,0.0,0.0,10022531
124,125,0,0,0,0.0,0.0,0.0,0.0,0.0,19996416.0,0.0,0.0,0.0,10022531
125,126,0,10002057,0,0.0,0.0,0.0,0.0,0.0,29998473.0,0.0,0.0,0.0,10022531
126,127,0,0,0,0.0,0.0,0.0,0.0,0.0,29998473.0,0.0,0.0,0.0,10022531
127,128,0,0,0,0.0,0.0,0.0,0.0,0.0,29998473.0,0.0,0.0,0.0,10022531
128,129,0,0,0,0.0,0.0,0.0,0.0,0.0,29998473.0,0.0,0.0,0.0,10022531
129,130,0,0,0,0.0,0.0,0.0,0.0,0.0,29998473.0,0.0,0.0,0.0,10022531
130,131,0,0,0,0.0,0.0,0.0,0.0,0.0,29998473.0,0.0,0.0,0.0,10022531
131,132,0,0,10002570,0.0,0.0,0.0,19961.0,0.0,29978512.0,0.0,10002570.0,0.0,10022531
132,133,0,0,0,0.0,0.0,0.0,9976789.0,0.0,20001723.0,0.0,0.0,0.0,10022531
133,134,0,0,0,0.0,0.0,0.0,10000533.0,0.0,10001190.0,0.0,0.0,0.0,10022531
134,135,0,0,0,0.0,0.0,0.0,10000424.0,0.0,766.0,0.0,0.0,0.0,10022531
135,136,0,9997665,9997808,0.0,0.0,0.0,0.0,0.0,9998431.0,0.0,9997808.0,0.0,10022531
136,137,0,0,0,0.0,0.0,0.0,0.0,0.0,9998431.0,0.0,0.0,0.0,10022531
137,138,0,0,9995660,0.0,0.0,0.0,0.0,0.0,9998431.0,0.0,9995660.0,0.0,10022531
138,139,0,0,0,0.0,0.0,0.0,0.0,0.0,9998431.0,0.0,0.0,0.0,10022531
139,140,0,0,0,0.0,0.0,0.0,0.0,0.0,9998431.0,0.0,0.0,0.0,10022531
140,141,0,0,0,0.0,0.0,0.0,9998428.0,0.0,3.0,0.0,0.0,0.0,10022531
141,142,9996311,0,0,22107.0,1.0,9974203.0,0.0,1.0,2.0,0.0,0.0,0.0,10022531
142,143,0,0,0,9974203.0,0.0,0.0,0.0,0.0,2.0,0.0,0.0,0.0,10022531
143,144,0,0,0,0.0,0.0,0.0,0.0,2.0,0.0,0.0,0.0,0.0,10022531
144,145,0,0,0,0.0,0.0,0.0,0.0,0.0,0.0,0.0,0.0,0.0,10022531
145,146,0,0,0,0.0,0.0,0.0,0.0,0.0,0.0,0.0,0.0,0.0,10022531
146,147,0,0,10002181,0.0,0.0,0.0,0.0,0.0,0.0,0.0,10002181.0,0.0,10022531
147,148,0,0,0,0.0,0.0,0.0,0.0,0.0,0.0,0.0,0.0,0.0,10022531
148,149,0,0,0,0.0,0.0,0.0,0.0,0.0,0.0,0.0,0.0,0.0,10022531
149,150,0,0,0,0.0,0.0,0.0,0.0,0.0,0.0,0.0,0.0,0.0,10022531
150,151,10001768,0,0,9997566.0,0.0,4202.0,0.0,0.0,0.0,0.0,0.0,0.0,10022531
151,152,0,0,0,0.0,0.0,4202.0,0.0,0.0,0.0,0.0,0.0,0.0,10022531
152,153,10000383,0,0,0.0,0.0,10004585.0,0.0,0.0,0.0,0.0,0.0,0.0,10022531
153,154,10000536,0,0,0.0,0.0,20005121.0,0.0,0.0,0.0,0.0,0.0,0.0,10022531
154,155,0,0,0,10006573.0,0.0,9998548.0,0.0,0.0,0.0,0.0,0.0,0.0,10022531
155,156,0,0,0,0.0,0.0,9998548.0,0.0,0.0,0.0,0.0,0.0,0.0,10022531
156,157,0,0,0,0.0,0.0,9998548.0,0.0,0.0,0.0,0.0,0.0,0.0,10022531
157,158,0,0,0,0.0,0.0,9998548.0,0.0,0.0,0.0,0.0,0.0,0.0,10022531
158,159,9995329,0,0,0.0,0.0,19993877.0,0.0,0.0,0.0,0.0,0.0,0.0,10022531
159,160,0,9996750,0,0.0,0.0,19993877.0,0.0,19961.0,9976789.0,0.0,0.0,0.0,10022531
160,161,0,0,0,0.0,0.0,19993877.0,0.0,9976789.0,0.0,0.0,0.0,0.0,10022531
161,162,0,10000533,0,0.0,0.0,19993877.0,0.0,10000533.0,0.0,0.0,0.0,0.0,10022531
162,163,0,10000424,0,0.0,22107.0,19971770.0,0.0,10000424.0,0.0,0.0,0.0,0.0,10022531
163,164,0,0,0,0.0,9974203.0,9997567.0,0.0,0.0,0.0,0.0,0.0,0.0,10022531
164,165,0,0,0,0.0,0.0,9997567.0,0.0,0.0,0.0,0.0,0.0,0.0,10022531
165,166,0,0,0,0.0,0.0,9997567.0,0.0,0.0,0.0,0.0,0.0,0.0,10022531
166,167,0,0,0,0.0,0.0,9997567.0,0.0,0.0,0.0,0.0,0.0,0.0,10022531
167,168,0,0,9997188,0.0,0.0,9997567.0,0.0,0.0,0.0,0.0,9997188.0,0.0,10022531
168,169,0,9998431,0,0.0,0.0,9997567.0,0.0,9998428.0,3.0,0.0,0.0,0.0,10022531
169,170,0,0,9996212,0.0,0.0,9997567.0,0.0,0.0,3.0,0.0,9996212.0,0.0,10022531
170,171,0,0,0,0.0,0.0,9997567.0,0.0,0.0,3.0,0.0,0.0,0.0,10022531
171,172,0,0,0,0.0,9997566.0,1.0,0.0,0.0,3.0,0.0,0.0,0.0,10022531
172,173,0,0,10002880,0.0,0.0,1.0,0.0,0.0,3.0,0.0,10002880.0,0.0,10022531
173,174,0,0,0,0.0,0.0,1.0,0.0,0.0,3.0,0.0,0.0,0.0,10022531
174,175,0,0,9998584,0.0,0.0,1.0,0.0,0.0,3.0,0.0,9995980.0,2604.0,10022531
175,176,10006573,0,0,0.0,10006573.0,1.0,0.0,0.0,3.0,0.0,0.0,2604.0,10022531
176,177,0,0,0,0.0,0.0,1.0,0.0,0.0,3.0,0.0,2604.0,0.0,10022531
177,178,0,0,0,0.0,0.0,1.0,0.0,0.0,3.0,0.0,0.0,0.0,10022531
178,179,0,0,0,0.0,0.0,1.0,0.0,0.0,3.0,0.0,0.0,0.0,10022531
179,180,0,0,9997188,0.0,0.0,1.0,0.0,0.0,3.0,0.0,9997188.0,0.0,10022531
