,instance,arrival_pfizer,arrival_moderna,arrival_astrazeneca,first_doses_Pfizer,second_doses_Pfizer,stock_values_Pfizer,first_doses_Moderna,second_doses_Moderna,stock_values_Moderna,first_doses_Astrazeneca,second_doses_Astrazeneca,stock_values_Astrazeneca,capacity
0,1,0,0,0,0.0,0.0,0.0,0.0,0.0,0.0,0.0,0.0,0.0,9966399
1,2,0,0,0,0.0,0.0,0.0,0.0,0.0,0.0,0.0,0.0,0.0,9966399
2,3,9991392,0,10002943,4146.0,0.0,9987246.0,0.0,0.0,0.0,11680.0,0.0,9991263.0,9966399
3,4,0,0,0,9939639.0,0.0,47607.0,0.0,0.0,0.0,26760.0,0.0,9964503.0,9966399
4,5,0,0,0,47607.0,0.0,0.0,0.0,0.0,0.0,0.0,0.0,9964503.0,9966399
5,6,0,0,0,0.0,0.0,0.0,0.0,0.0,0.0,106536.0,0.0,9857967.0,9966399
6,7,0,0,0,0.0,0.0,0.0,0.0,0.0,0.0,1.0,0.0,9857966.0,9966399
7,8,0,0,0,0.0,0.0,0.0,0.0,0.0,0.0,206808.0,0.0,9651158.0,9966399
8,9,9996021,10000719,0,9966399.0,0.0,29622.0,0.0,0.0,10000719.0,0.0,0.0,9651158.0,9966399
9,10,0,10000853,0,0.0,0.0,29622.0,9966399.0,0.0,10035173.0,0.0,0.0,9651158.0,9966399
10,11,0,0,0,11182.0,0.0,18440.0,9955217.0,0.0,79956.0,0.0,0.0,9651158.0,9966399
11,12,10000007,0,0,1.0,0.0,10018446.0,79956.0,0.0,0.0,0.0,0.0,9651158.0,9966399
12,13,0,0,0,9931801.0,0.0,86645.0,0.0,0.0,0.0,1.0,0.0,9651157.0,9966399
13,14,9995269,0,9996123,185249.0,0.0,9896665.0,0.0,0.0,0.0,9642479.0,0.0,10004801.0,9966399
14,15,0,0,0,0.0,0.0,9896665.0,0.0,0.0,0.0,38813.0,0.0,9965988.0,9966399
15,16,0,0,10002450,0.0,0.0,9896665.0,0.0,0.0,0.0,0.0,0.0,19968438.0,9966399
16,17,0,0,0,0.0,0.0,9896665.0,0.0,0.0,0.0,0.0,0.0,19968438.0,9966399
17,18,0,0,10002497,0.0,0.0,9896665.0,0.0,0.0,0.0,9966399.0,0.0,20004536.0,9966399
18,19,0,0,0,0.0,0.0,9896665.0,0.0,0.0,0.0,9966398.0,0.0,10038138.0,9966399
19,20,10002420,0,0,0.0,0.0,19899085.0,0.0,0.0,0.0,65831.0,0.0,9972307.0,9966399
20,21,0,0,0,0.0,0.0,19899085.0,0.0,0.0,0.0,0.0,0.0,9972307.0,9966399
21,22,9998395,0,0,0.0,0.0,29897480.0,0.0,0.0,0.0,9966399.0,0.0,5908.0,9966399
22,23,0,10003873,0,0.0,0.0,29897480.0,0.0,0.0,10003873.0,0.0,0.0,5908.0,9966399
23,24,10000374,0,0,0.0,4146.0,39893708.0,9962253.0,0.0,41620.0,0.0,0.0,5908.0,9966399
24,25,0,0,0,26759.0,9939639.0,29927310.0,0.0,0.0,41620.0,0.0,0.0,5908.0,9966399
25,26,0,0,0,9886442.0,47607.0,19993261.0,32350.0,0.0,9270.0,0.0,0.0,5908.0,9966399
26,27,0,0,10001674,71196.0,0.0,19922065.0,0.0,0.0,9270.0,1.0,0.0,10007581.0,9966399
27,28,0,0,0,0.0,0.0,19922065.0,0.0,0.0,9270.0,0.0,0.0,10007581.0,9966399
28,29,9999434,0,0,0.0,0.0,29921499.0,0.0,0.0,9270.0,0.0,0.0,10007581.0,9966399
29,30,0,0,0,0.0,9966399.0,19955100.0,0.0,0.0,9270.0,0.0,0.0,10007581.0,9966399
30,31,0,9994748,9994589,0.0,0.0,19955100.0,0.0,0.0,10004018.0,1.0,0.0,20002169.0,9966399
31,32,0,0,0,9826867.0,11182.0,10117051.0,0.0,0.0,10004018.0,0.0,0.0,20002169.0,9966399
32,33,0,0,0,0.0,1.0,10117050.0,0.0,0.0,10004018.0,9966398.0,0.0,10035771.0,9966399
33,34,0,0,0,0.0,9931801.0,185249.0,0.0,0.0,10004018.0,34596.0,0.0,10001175.0,9966399
34,35,0,10004601,0,0.0,185249.0,0.0,1.0,0.0,20008618.0,30336.0,0.0,9970839.0,9966399
35,36,0,0,0,0.0,0.0,0.0,0.0,0.0,20008618.0,9966368.0,0.0,4471.0,9966399
36,37,0,0,0,0.0,0.0,0.0,0.0,0.0,20008618.0,0.0,0.0,4471.0,9966399
37,38,0,9999507,0,0.0,0.0,0.0,0.0,9966399.0,20041726.0,0.0,0.0,4471.0,9966399
38,39,0,0,10005124,0.0,0.0,0.0,0.0,9955217.0,10086509.0,0.0,0.0,10009595.0,9966399
39,40,0,0,0,0.0,0.0,0.0,9886442.0,79956.0,120111.0,0.0,0.0,10009595.0,9966399
40,41,0,9998888,0,0.0,0.0,0.0,109143.0,0.0,10009856.0,9857256.0,0.0,152339.0,9966399
41,42,0,0,0,0.0,0.0,0.0,0.0,0.0,10009856.0,142977.0,0.0,9362.0,9966399
42,43,0,0,0,0.0,0.0,0.0,9934850.0,0.0,75006.0,0.0,0.0,9362.0,9966399
43,44,0,0,0,0.0,0.0,0.0,0.0,0.0,75006.0,9361.0,0.0,1.0,9966399
44,45,0,0,0,0.0,0.0,0.0,67412.0,0.0,7594.0,0.0,0.0,1.0,9966399
45,46,10002349,0,0,9939640.0,26759.0,35950.0,0.0,0.0,7594.0,0.0,0.0,1.0,9966399
46,47,10001644,0,0,79956.0,9886442.0,71196.0,0.0,0.0,7594.0,0.0,0.0,1.0,9966399
47,48,0,0,0,0.0,71196.0,0.0,0.0,0.0,7594.0,1.0,0.0,0.0,9966399
48,49,0,0,0,0.0,0.0,0.0,7594.0,0.0,0.0,0.0,0.0,0.0,9966399
49,50,0,0,0,0.0,0.0,0.0,0.0,0.0,0.0,0.0,0.0,0.0,9966399
50,51,0,0,0,0.0,0.0,0.0,0.0,0.0,0.0,0.0,0.0,0.0,9966399
51,52,0,9998749,0,0.0,0.0,0.0,4145.0,9962253.0,32351.0,0.0,0.0,0.0,9966399
52,53,9998137,0,0,139531.0,9826867.0,31739.0,0.0,0.0,32351.0,0.0,0.0,0.0,9966399
53,54,10002541,0,0,0.0,0.0,10034280.0,0.0,32350.0,1.0,0.0,0.0,0.0,9966399
54,55,0,0,0,9966399.0,0.0,67881.0,0.0,0.0,1.0,0.0,0.0,0.0,9966399
55,56,0,0,0,0.0,0.0,67881.0,0.0,0.0,1.0,0.0,0.0,0.0,9966399
56,57,0,0,0,0.0,0.0,67881.0,0.0,0.0,1.0,0.0,0.0,0.0,9966399
57,58,0,0,0,0.0,0.0,67881.0,0.0,0.0,1.0,0.0,0.0,0.0,9966399
58,59,0,0,0,0.0,0.0,67881.0,0.0,0.0,1.0,0.0,0.0,0.0,9966399
59,60,0,0,9999365,0.0,0.0,67881.0,0.0,0.0,1.0,9966399.0,0.0,32966.0,9966399
60,61,0,0,0,48094.0,0.0,19787.0,0.0,0.0,1.0,32965.0,0.0,1.0,9966399
61,62,0,0,0,0.0,0.0,19787.0,0.0,0.0,1.0,0.0,0.0,1.0,9966399
62,63,0,0,0,0.0,0.0,19787.0,0.0,1.0,0.0,0.0,0.0,1.0,9966399
63,64,9994221,0,9997754,0.0,0.0,10014008.0,0.0,0.0,0.0,9938211.0,0.0,59544.0,9966399
64,65,0,0,0,9759590.0,0.0,254418.0,0.0,0.0,0.0,59543.0,0.0,1.0,9966399
65,66,10001294,0,9993158,0.0,0.0,10255712.0,0.0,0.0,0.0,9966399.0,0.0,26760.0,9966399
66,67,0,0,0,0.0,9939640.0,316072.0,0.0,0.0,0.0,26759.0,0.0,1.0,9966399
67,68,0,9995586,0,0.0,79956.0,236116.0,0.0,9886442.0,109144.0,0.0,0.0,1.0,9966399
68,69,0,0,0,0.0,0.0,236116.0,1.0,109143.0,0.0,0.0,0.0,1.0,9966399
69,70,0,0,0,127412.0,0.0,108704.0,0.0,0.0,0.0,1.0,0.0,0.0,9966399
70,71,9997227,10002262,9997949,0.0,0.0,10105931.0,0.0,9934850.0,67412.0,31549.0,0.0,9966400.0,9966399
71,72,0,0,0,0.0,0.0,10105931.0,0.0,0.0,67412.0,9966399.0,0.0,1.0,9966399
72,73,0,0,0,0.0,0.0,10105931.0,0.0,67412.0,0.0,1.0,0.0,0.0,9966399
73,74,0,0,0,0.0,139531.0,9966400.0,0.0,0.0,0.0,0.0,0.0,0.0,9966399
74,75,0,0,10001718,0.0,0.0,9966400.0,0.0,0.0,0.0,9966399.0,0.0,35319.0,9966399
75,76,0,0,0,0.0,9966399.0,1.0,0.0,0.0,0.0,0.0,0.0,35319.0,9966399
76,77,0,10001225,0,0.0,0.0,1.0,0.0,7594.0,9993631.0,35317.0,0.0,2.0,9966399
77,78,0,0,0,0.0,0.0,1.0,0.0,0.0,9993631.0,0.0,0.0,2.0,9966399
78,79,0,0,0,0.0,0.0,1.0,0.0,0.0,9993631.0,0.0,0.0,2.0,9966399
79,80,0,0,10000693,0.0,0.0,1.0,0.0,4145.0,9989486.0,9962253.0,0.0,38442.0,9966399
80,81,10002812,0,0,9954719.0,0.0,48094.0,0.0,0.0,9989486.0,0.0,11680.0,26762.0,9966399
81,82,0,10001525,0,0.0,48094.0,0.0,0.0,0.0,19991011.0,0.0,26760.0,2.0,9966399
82,83,0,0,0,0.0,0.0,0.0,0.0,0.0,19991011.0,0.0,0.0,2.0,9966399
83,84,0,0,10004261,0.0,0.0,0.0,9859863.0,0.0,10131148.0,0.0,106536.0,9897727.0,9966399
84,85,9998248,0,0,9966398.0,0.0,31850.0,0.0,0.0,10131148.0,0.0,1.0,9897726.0,9966399
85,86,10003224,0,0,0.0,9759590.0,275484.0,0.0,0.0,10131148.0,0.0,206808.0,9690918.0,9966399
86,87,0,0,0,275483.0,0.0,1.0,0.0,0.0,10131148.0,9690916.0,0.0,2.0,9966399
87,88,0,0,9996588,0.0,0.0,1.0,0.0,0.0,10131148.0,9966399.0,0.0,30191.0,9966399
88,89,10001001,0,0,9801650.0,0.0,199352.0,164748.0,0.0,9966400.0,1.0,0.0,30190.0,9966399
89,90,0,0,0,0.0,0.0,199352.0,9966399.0,0.0,1.0,0.0,0.0,30190.0,9966399
90,91,0,0,0,71939.0,127412.0,1.0,0.0,0.0,1.0,30189.0,1.0,0.0,9966399
91,92,0,0,10005214,0.0,0.0,1.0,0.0,0.0,1.0,323920.0,9642479.0,38815.0,9966399
92,93,0,0,0,0.0,0.0,1.0,0.0,0.0,1.0,1.0,38813.0,1.0,9966399
93,94,0,0,0,0.0,0.0,1.0,0.0,0.0,1.0,0.0,0.0,1.0,9966399
94,95,0,0,0,0.0,0.0,1.0,0.0,0.0,1.0,0.0,0.0,1.0,9966399
95,96,0,0,10000882,0.0,0.0,1.0,0.0,0.0,1.0,0.0,9966399.0,34484.0,9966399
96,97,0,0,9997746,0.0,0.0,1.0,0.0,1.0,0.0,0.0,9966398.0,65832.0,9966399
97,98,10001891,0,0,0.0,0.0,10001892.0,0.0,0.0,0.0,0.0,65831.0,1.0,9966399
98,99,0,0,0,0.0,0.0,10001892.0,0.0,0.0,0.0,0.0,0.0,1.0,9966399
99,100,0,0,9995926,0.0,0.0,10001892.0,0.0,0.0,0.0,0.0,9966399.0,29528.0,9966399
100,101,0,0,0,0.0,0.0,10001892.0,0.0,0.0,0.0,29526.0,0.0,2.0,9966399
101,102,0,0,0,0.0,9954719.0,47173.0,0.0,0.0,0.0,0.0,0.0,2.0,9966399
102,103,0,0,0,0.0,0.0,47173.0,0.0,0.0,0.0,0.0,0.0,2.0,9966399
103,104,10005675,0,0,0.0,0.0,10052848.0,0.0,0.0,0.0,0.0,0.0,2.0,9966399
104,105,0,0,0,0.0,0.0,10052848.0,0.0,0.0,0.0,0.0,1.0,1.0,9966399
105,106,0,0,0,0.0,9966398.0,86450.0,0.0,0.0,0.0,0.0,0.0,1.0,9966399
106,107,9998704,0,0,1.0,0.0,10085153.0,0.0,0.0,0.0,0.0,0.0,1.0,9966399
107,108,0,0,0,0.0,275483.0,9809670.0,0.0,0.0,0.0,0.0,0.0,1.0,9966399
108,109,10000014,0,0,0.0,0.0,19809684.0,0.0,0.0,0.0,0.0,1.0,0.0,9966399
109,110,0,0,0,0.0,9801650.0,10008034.0,0.0,0.0,0.0,0.0,0.0,0.0,9966399
110,111,0,0,10000996,0.0,0.0,10008034.0,0.0,0.0,0.0,0.0,9966398.0,34598.0,9966399
111,112,0,10000812,0,0.0,71939.0,9936095.0,1.0,9859863.0,140948.0,0.0,34596.0,2.0,9966399
112,113,0,0,9996704,9936063.0,0.0,32.0,0.0,0.0,140948.0,0.0,30336.0,9966370.0,9966399
113,114,0,0,0,30.0,0.0,2.0,0.0,0.0,140948.0,0.0,9966368.0,2.0,9966399
114,115,0,0,0,0.0,0.0,2.0,0.0,0.0,140948.0,0.0,0.0,2.0,9966399
115,116,0,0,0,1.0,0.0,1.0,0.0,0.0,140948.0,0.0,0.0,2.0,9966399
116,117,0,9999559,0,0.0,0.0,1.0,0.0,164748.0,9975759.0,0.0,0.0,2.0,9966399
117,118,0,0,0,0.0,0.0,1.0,0.0,9966399.0,9360.0,0.0,0.0,2.0,9966399
118,119,0,0,10000233,0.0,0.0,1.0,9360.0,0.0,0.0,0.0,9857256.0,142979.0,9966399
119,120,0,0,0,0.0,0.0,1.0,0.0,0.0,0.0,0.0,142977.0,2.0,9966399
120,121,0,0,0,0.0,0.0,1.0,0.0,0.0,0.0,0.0,0.0,2.0,9966399
121,122,0,0,10003806,0.0,0.0,1.0,0.0,0.0,0.0,0.0,9361.0,9994447.0,9966399
122,123,0,0,0,0.0,0.0,1.0,0.0,0.0,0.0,0.0,0.0,9994447.0,9966399
123,124,0,0,0,0.0,0.0,1.0,0.0,0.0,0.0,0.0,0.0,9994447.0,9966399
124,125,0,0,0,0.0,0.0,1.0,0.0,0.0,0.0,0.0,0.0,9994447.0,9966399
125,126,0,10004328,9999734,0.0,0.0,1.0,0.0,0.0,10004328.0,0.0,1.0,19994180.0,9966399
126,127,0,0,0,0.0,0.0,1.0,0.0,0.0,10004328.0,0.0,0.0,19994180.0,9966399
127,128,0,0,0,0.0,1.0,0.0,0.0,0.0,10004328.0,0.0,0.0,19994180.0,9966399
128,129,0,0,0,0.0,0.0,0.0,0.0,0.0,10004328.0,0.0,0.0,19994180.0,9966399
129,130,0,0,0,0.0,0.0,0.0,0.0,0.0,10004328.0,0.0,0.0,19994180.0,9966399
130,131,0,0,0,0.0,0.0,0.0,0.0,0.0,10004328.0,0.0,0.0,19994180.0,9966399
131,132,0,0,9996769,0.0,0.0,0.0,0.0,0.0,10004328.0,0.0,0.0,29990949.0,9966399
132,133,9998262,0,10002829,0.0,0.0,9998262.0,9966399.0,0.0,37929.0,0.0,0.0,39993778.0,9966399
133,134,0,0,9997893,30336.0,9936063.0,31863.0,0.0,0.0,37929.0,0.0,0.0,49991671.0,9966399
134,135,0,9997237,0,0.0,30.0,31833.0,30305.0,0.0,10004861.0,0.0,0.0,49991671.0,9966399
135,136,0,0,9997546,0.0,0.0,31833.0,9966399.0,0.0,38462.0,0.0,0.0,59989217.0,9966399
136,137,9997867,0,0,0.0,1.0,10029699.0,38461.0,0.0,1.0,0.0,0.0,59989217.0,9966399
137,138,0,0,0,0.0,0.0,10029699.0,0.0,0.0,1.0,0.0,9966399.0,50022818.0,9966399
138,139,0,0,0,0.0,0.0,10029699.0,0.0,0.0,1.0,0.0,32965.0,49989853.0,9966399
139,140,0,0,0,0.0,0.0,10029699.0,0.0,1.0,0.0,0.0,0.0,49989853.0,9966399
140,141,0,0,0,9966399.0,0.0,63300.0,0.0,0.0,0.0,0.0,0.0,49989853.0,9966399
141,142,0,0,0,28188.0,0.0,35112.0,0.0,0.0,0.0,0.0,9938211.0,40051642.0,9966399
142,143,0,0,0,0.0,0.0,35112.0,0.0,0.0,0.0,0.0,59543.0,39992099.0,9966399
143,144,0,0,0,0.0,0.0,35112.0,0.0,0.0,0.0,0.0,9966399.0,30025700.0,9966399
144,145,0,0,0,0.0,0.0,35112.0,0.0,0.0,0.0,0.0,26759.0,29998941.0,9966399
145,146,0,10001487,0,0.0,0.0,35112.0,9966399.0,0.0,35088.0,0.0,0.0,29998941.0,9966399
146,147,0,0,0,0.0,0.0,35112.0,0.0,9360.0,25728.0,0.0,0.0,29998941.0,9966399
147,148,0,0,10004226,0.0,0.0,35112.0,25728.0,0.0,0.0,0.0,1.0,40003166.0,9966399
148,149,0,0,9999705,0.0,0.0,35112.0,0.0,0.0,0.0,0.0,31549.0,49971322.0,9966399
149,150,0,0,0,0.0,0.0,35112.0,0.0,0.0,0.0,0.0,9966399.0,40004923.0,9966399
150,151,0,0,0,35112.0,0.0,0.0,0.0,0.0,0.0,0.0,1.0,40004922.0,9966399
151,152,0,0,0,0.0,0.0,0.0,0.0,0.0,0.0,0.0,0.0,40004922.0,9966399
152,153,0,0,0,0.0,0.0,0.0,0.0,0.0,0.0,0.0,9966399.0,30038523.0,9966399
153,154,9997280,0,0,9966399.0,0.0,30881.0,0.0,0.0,0.0,0.0,0.0,30038523.0,9966399
154,155,0,0,0,545.0,30336.0,0.0,0.0,0.0,0.0,0.0,35317.0,30003206.0,9966399
155,156,0,0,0,0.0,0.0,0.0,0.0,0.0,0.0,0.0,0.0,30003206.0,9966399
156,157,0,0,0,0.0,0.0,0.0,0.0,0.0,0.0,0.0,0.0,30003206.0,9966399
157,158,0,0,0,0.0,0.0,0.0,0.0,0.0,0.0,0.0,9962253.0,20040953.0,9966399
158,159,0,0,0,0.0,0.0,0.0,0.0,0.0,0.0,0.0,0.0,20040953.0,9966399
159,160,0,0,0,0.0,0.0,0.0,0.0,0.0,0.0,0.0,0.0,20040953.0,9966399
160,161,0,9996704,0,0.0,0.0,0.0,0.0,9966399.0,30305.0,0.0,0.0,20040953.0,9966399
161,162,9994587,0,0,0.0,9966399.0,28188.0,0.0,0.0,30305.0,0.0,0.0,20040953.0,9966399
162,163,0,0,0,0.0,28188.0,0.0,0.0,30305.0,0.0,0.0,0.0,20040953.0,9966399
163,164,0,9999653,0,0.0,0.0,0.0,0.0,9966399.0,33254.0,0.0,0.0,20040953.0,9966399
164,165,0,9997335,0,0.0,0.0,0.0,0.0,38461.0,9992128.0,0.0,9690916.0,10350037.0,9966399
165,166,0,0,0,0.0,0.0,0.0,0.0,0.0,9992128.0,0.0,9966399.0,383638.0,9966399
166,167,0,0,0,0.0,0.0,0.0,0.0,0.0,9992128.0,0.0,1.0,383637.0,9966399
167,168,0,0,0,0.0,0.0,0.0,0.0,0.0,9992128.0,0.0,0.0,383637.0,9966399
168,169,0,0,0,0.0,0.0,0.0,0.0,0.0,9992128.0,0.0,30189.0,353448.0,9966399
169,170,0,0,0,0.0,0.0,0.0,0.0,0.0,9992128.0,0.0,323920.0,29528.0,9966399
170,171,0,0,0,0.0,0.0,0.0,0.0,0.0,9992128.0,0.0,1.0,29527.0,9966399
171,172,10002056,0,0,0.0,35112.0,9966944.0,0.0,0.0,9992128.0,0.0,0.0,29527.0,9966399
172,173,0,0,0,0.0,0.0,9966944.0,0.0,0.0,9992128.0,0.0,0.0,29527.0,9966399
173,174,0,0,0,0.0,0.0,9966944.0,0.0,9966399.0,25729.0,0.0,0.0,29527.0,9966399
174,175,0,0,0,0.0,9966399.0,545.0,0.0,0.0,25729.0,0.0,0.0,29527.0,9966399
175,176,0,0,0,0.0,545.0,0.0,0.0,25728.0,1.0,0.0,0.0,29527.0,9966399
176,177,0,0,0,0.0,0.0,0.0,0.0,0.0,1.0,0.0,0.0,29527.0,9966399
177,178,0,0,0,0.0,0.0,0.0,0.0,0.0,1.0,0.0,0.0,29527.0,9966399
178,179,0,0,0,0.0,0.0,0.0,0.0,0.0,1.0,0.0,29526.0,1.0,9966399
179,180,0,0,0,0.0,0.0,0.0,0.0,0.0,1.0,0.0,0.0,1.0,9966399
