,instance,arrival_pfizer,arrival_moderna,arrival_astrazeneca,first_doses_Pfizer,second_doses_Pfizer,stock_values_Pfizer,first_doses_Moderna,second_doses_Moderna,stock_values_Moderna,first_doses_Astrazeneca,second_doses_Astrazeneca,stock_values_Astrazeneca,capacity
0,1,0,0,0,0.0,0.0,0.0,0.0,0.0,0.0,0.0,0.0,0.0,9839183
1,2,0,9996471,0,0.0,0.0,0.0,161799.0,0.0,9834672.0,0.0,0.0,0.0,9839183
2,3,0,0,0,0.0,0.0,0.0,0.0,0.0,9834672.0,0.0,0.0,0.0,9839183
3,4,0,0,0,0.0,0.0,0.0,0.0,0.0,9834672.0,0.0,0.0,0.0,9839183
4,5,0,0,0,0.0,0.0,0.0,0.0,0.0,9834672.0,0.0,0.0,0.0,9839183
5,6,0,0,0,0.0,0.0,0.0,0.0,0.0,9834672.0,0.0,0.0,0.0,9839183
6,7,0,0,10000082,0.0,0.0,0.0,0.0,0.0,9834672.0,9839183.0,0.0,160899.0,9839183
7,8,0,0,0,0.0,0.0,0.0,0.0,0.0,9834672.0,160899.0,0.0,0.0,9839183
8,9,9995056,10007363,0,0.0,0.0,9995056.0,9678283.0,0.0,10163752.0,0.0,0.0,0.0,9839183
9,10,0,0,0,0.0,0.0,9995056.0,161893.0,0.0,10001859.0,0.0,0.0,0.0,9839183
10,11,0,9997932,0,0.0,0.0,9995056.0,9677457.0,0.0,10322334.0,0.0,0.0,0.0,9839183
11,12,0,0,10001783,4839798.0,0.0,5155258.0,0.0,0.0,10322334.0,4999385.0,0.0,5002398.0,9839183
12,13,0,0,0,0.0,0.0,5155258.0,0.0,0.0,10322334.0,5002397.0,0.0,1.0,9839183
13,14,0,0,0,156945.0,0.0,4998313.0,0.0,0.0,10322334.0,0.0,0.0,1.0,9839183
14,15,0,0,9998326,0.0,0.0,4998313.0,164380.0,0.0,10157954.0,9674803.0,0.0,323524.0,9839183
15,16,0,0,0,0.0,0.0,4998313.0,152501.0,0.0,10005453.0,323523.0,0.0,1.0,9839183
16,17,0,0,0,0.0,0.0,4998313.0,0.0,0.0,10005453.0,0.0,0.0,1.0,9839183
17,18,0,0,0,0.0,0.0,4998313.0,0.0,0.0,10005453.0,0.0,0.0,1.0,9839183
18,19,0,0,0,0.0,0.0,4998313.0,0.0,0.0,10005453.0,0.0,0.0,1.0,9839183
19,20,0,0,0,0.0,0.0,4998313.0,9839183.0,0.0,166270.0,0.0,0.0,1.0,9839183
20,21,0,0,0,0.0,0.0,4998313.0,166270.0,0.0,0.0,0.0,0.0,1.0,9839183
21,22,0,0,0,0.0,0.0,4998313.0,0.0,0.0,0.0,0.0,0.0,1.0,9839183
22,23,0,0,0,0.0,0.0,4998313.0,0.0,0.0,0.0,0.0,0.0,1.0,9839183
23,24,0,0,0,0.0,0.0,4998313.0,0.0,0.0,0.0,0.0,0.0,1.0,9839183
24,25,0,10001463,0,0.0,0.0,4998313.0,9839183.0,0.0,162280.0,0.0,0.0,1.0,9839183
25,26,0,0,0,1.0,0.0,4998312.0,162183.0,0.0,97.0,0.0,0.0,1.0,9839183
26,27,0,0,0,0.0,0.0,4998312.0,97.0,0.0,0.0,0.0,0.0,1.0,9839183
27,28,0,0,0,4998311.0,0.0,1.0,0.0,0.0,0.0,0.0,0.0,1.0,9839183
28,29,0,10000981,0,0.0,0.0,1.0,9839182.0,0.0,161799.0,0.0,0.0,1.0,9839183
29,30,0,0,0,0.0,0.0,1.0,0.0,161799.0,0.0,0.0,0.0,1.0,9839183
30,31,0,0,10003764,0.0,0.0,1.0,0.0,0.0,0.0,9839183.0,0.0,164582.0,9839183
31,32,0,0,0,0.0,0.0,1.0,0.0,0.0,0.0,164581.0,0.0,1.0,9839183
32,33,9996130,0,0,4999385.0,4839798.0,156948.0,0.0,0.0,0.0,0.0,0.0,1.0,9839183
33,34,0,0,10002755,0.0,0.0,156948.0,0.0,0.0,0.0,9839183.0,0.0,163573.0,9839183
34,35,0,0,0,0.0,156945.0,3.0,0.0,0.0,0.0,163572.0,0.0,1.0,9839183
35,36,0,0,10002502,0.0,0.0,3.0,0.0,0.0,0.0,153507.0,0.0,9848996.0,9839183
36,37,0,10001076,0,1.0,0.0,2.0,160899.0,9678283.0,161894.0,0.0,0.0,9848996.0,9839183
37,38,0,0,0,1.0,0.0,1.0,0.0,161893.0,1.0,0.0,0.0,9848996.0,9839183
38,39,0,9994153,0,0.0,0.0,1.0,161726.0,9677457.0,154971.0,0.0,0.0,9848996.0,9839183
39,40,0,0,0,0.0,0.0,1.0,154971.0,0.0,0.0,0.0,0.0,9848996.0,9839183
40,41,0,0,10001001,0.0,0.0,1.0,0.0,0.0,0.0,9839183.0,0.0,10010814.0,9839183
41,42,0,0,0,0.0,0.0,1.0,0.0,0.0,0.0,161369.0,0.0,9849445.0,9839183
42,43,0,9995702,0,0.0,0.0,1.0,9674802.0,164380.0,156520.0,0.0,0.0,9849445.0,9839183
43,44,0,0,0,0.0,0.0,1.0,4019.0,152501.0,0.0,0.0,0.0,9849445.0,9839183
44,45,0,10000909,0,0.0,0.0,1.0,9839183.0,0.0,161726.0,0.0,0.0,9849445.0,9839183
45,46,9998187,0,0,9677457.0,0.0,320731.0,161726.0,0.0,0.0,0.0,0.0,9849445.0,9839183
46,47,0,0,10001780,320729.0,1.0,1.0,0.0,0.0,0.0,0.0,0.0,19851225.0,9839183
47,48,0,10005454,0,0.0,0.0,1.0,0.0,9839183.0,166271.0,0.0,0.0,19851225.0,9839183
48,49,9999700,0,9996634,0.0,4998311.0,5001390.0,0.0,166270.0,1.0,0.0,0.0,29847859.0,9839183
49,50,0,0,10002198,1.0,0.0,5001389.0,0.0,0.0,1.0,0.0,0.0,39850057.0,9839183
50,51,0,0,0,2002.0,0.0,4999387.0,0.0,0.0,1.0,0.0,0.0,39850057.0,9839183
51,52,0,0,0,0.0,0.0,4999387.0,0.0,0.0,1.0,0.0,0.0,39850057.0,9839183
52,53,0,10001365,0,0.0,0.0,4999387.0,0.0,9839183.0,162183.0,0.0,0.0,39850057.0,9839183
53,54,0,0,0,0.0,4999385.0,2.0,0.0,162183.0,0.0,0.0,0.0,39850057.0,9839183
54,55,0,9995304,0,0.0,0.0,2.0,1.0,97.0,9995206.0,0.0,0.0,39850057.0,9839183
55,56,0,0,10000716,0.0,0.0,2.0,0.0,0.0,9995206.0,0.0,0.0,49850773.0,9839183
56,57,0,0,0,0.0,0.0,2.0,0.0,9839182.0,156024.0,0.0,0.0,49850773.0,9839183
57,58,10000504,10002927,9999909,1.0,1.0,10000504.0,0.0,0.0,10158951.0,0.0,0.0,59850682.0,9839183
58,59,0,0,0,0.0,1.0,10000503.0,0.0,0.0,10158951.0,0.0,0.0,59850682.0,9839183
59,60,0,0,0,0.0,0.0,10000503.0,0.0,0.0,10158951.0,9839183.0,0.0,50011499.0,9839183
60,61,0,10000005,0,0.0,0.0,10000503.0,0.0,0.0,20158956.0,0.0,0.0,50011499.0,9839183
61,62,10001133,0,0,0.0,0.0,20001636.0,0.0,0.0,20158956.0,9839183.0,0.0,40172316.0,9839183
62,63,0,0,0,0.0,0.0,20001636.0,0.0,0.0,20158956.0,329278.0,0.0,39843038.0,9839183
63,64,0,0,0,0.0,0.0,20001636.0,9839183.0,0.0,10319773.0,0.0,0.0,39843038.0,9839183
64,65,0,0,0,9678284.0,0.0,10323352.0,0.0,160899.0,10158874.0,0.0,0.0,39843038.0,9839183
65,66,0,0,0,323162.0,0.0,10000190.0,0.0,0.0,10158874.0,0.0,0.0,39843038.0,9839183
66,67,0,0,0,0.0,9677457.0,322733.0,0.0,161726.0,9997148.0,0.0,0.0,39843038.0,9839183
67,68,0,0,0,0.0,320729.0,2004.0,0.0,154971.0,9842177.0,0.0,0.0,39843038.0,9839183
68,69,0,0,0,0.0,0.0,2004.0,157720.0,0.0,9684457.0,0.0,0.0,39843038.0,9839183
69,70,0,9996663,0,0.0,0.0,2004.0,0.0,0.0,19681120.0,9839183.0,0.0,30003855.0,9839183
70,71,0,10005512,9996509,0.0,1.0,2003.0,0.0,9674802.0,20011830.0,164380.0,0.0,39835984.0,9839183
71,72,0,0,0,0.0,2002.0,1.0,1.0,4019.0,20007810.0,2371.0,0.0,39833613.0,9839183
72,73,0,0,0,0.0,0.0,1.0,0.0,9839183.0,10168627.0,0.0,0.0,39833613.0,9839183
73,74,0,0,0,0.0,0.0,1.0,0.0,161726.0,10006901.0,0.0,0.0,39833613.0,9839183
74,75,0,0,0,0.0,0.0,1.0,0.0,0.0,10006901.0,0.0,0.0,39833613.0,9839183
75,76,0,0,0,0.0,0.0,1.0,9839183.0,0.0,167718.0,0.0,0.0,39833613.0,9839183
76,77,0,0,0,0.0,0.0,1.0,161091.0,0.0,6627.0,9678092.0,0.0,30155521.0,9839183
77,78,0,0,0,0.0,0.0,1.0,1.0,0.0,6626.0,323640.0,0.0,29831881.0,9839183
78,79,0,0,0,0.0,1.0,0.0,0.0,0.0,6626.0,0.0,0.0,29831881.0,9839183
79,80,0,0,0,0.0,0.0,0.0,0.0,0.0,6626.0,0.0,0.0,29831881.0,9839183
80,81,0,0,0,0.0,0.0,0.0,0.0,0.0,6626.0,0.0,0.0,29831881.0,9839183
81,82,0,0,9997600,0.0,0.0,0.0,6625.0,0.0,1.0,0.0,0.0,39829481.0,9839183
82,83,0,0,0,0.0,0.0,0.0,0.0,1.0,0.0,0.0,0.0,39829481.0,9839183
83,84,0,0,0,0.0,0.0,0.0,0.0,0.0,0.0,0.0,0.0,39829481.0,9839183
84,85,0,0,0,0.0,0.0,0.0,0.0,0.0,0.0,0.0,9839183.0,29990298.0,9839183
85,86,10001447,0,0,0.0,9678284.0,323163.0,0.0,0.0,0.0,0.0,160899.0,29829399.0,9839183
86,87,0,0,10003939,0.0,323162.0,1.0,0.0,0.0,0.0,1.0,0.0,39833337.0,9839183
87,88,0,0,0,0.0,0.0,1.0,0.0,0.0,0.0,0.0,0.0,39833337.0,9839183
88,89,0,0,0,0.0,0.0,1.0,0.0,0.0,0.0,9839183.0,0.0,29994154.0,9839183
89,90,0,0,0,0.0,0.0,1.0,0.0,0.0,0.0,160641.0,4999385.0,24834128.0,9839183
90,91,0,0,0,0.0,0.0,1.0,0.0,0.0,0.0,0.0,5002397.0,19831731.0,9839183
91,92,0,10003563,0,0.0,0.0,1.0,0.0,9839183.0,164380.0,0.0,0.0,19831731.0,9839183
92,93,0,0,0,0.0,0.0,1.0,164379.0,0.0,1.0,0.0,9674803.0,10156928.0,9839183
93,94,0,9994979,10003139,0.0,0.0,1.0,9515660.0,0.0,479320.0,0.0,323523.0,19836544.0,9839183
94,95,0,0,0,1.0,0.0,0.0,479319.0,0.0,1.0,0.0,0.0,19836544.0,9839183
95,96,0,10000604,0,0.0,0.0,0.0,9839183.0,0.0,161422.0,0.0,0.0,19836544.0,9839183
96,97,0,9997500,0,0.0,0.0,0.0,9681463.0,157720.0,319739.0,0.0,0.0,19836544.0,9839183
97,98,0,0,0,0.0,0.0,0.0,319737.0,0.0,2.0,0.0,0.0,19836544.0,9839183
98,99,0,0,0,0.0,0.0,0.0,0.0,0.0,2.0,0.0,0.0,19836544.0,9839183
99,100,0,0,0,0.0,0.0,0.0,0.0,1.0,1.0,0.0,0.0,19836544.0,9839183
100,101,0,0,0,0.0,0.0,0.0,0.0,0.0,1.0,0.0,0.0,19836544.0,9839183
101,102,0,0,0,0.0,0.0,0.0,0.0,0.0,1.0,9678232.0,0.0,10158312.0,9839183
102,103,0,0,0,0.0,0.0,0.0,0.0,0.0,1.0,0.0,0.0,10158312.0,9839183
103,104,0,10000274,0,0.0,0.0,0.0,0.0,9839183.0,161092.0,0.0,0.0,10158312.0,9839183
104,105,0,0,0,0.0,0.0,0.0,0.0,161091.0,1.0,0.0,0.0,10158312.0,9839183
105,106,0,0,10001714,0.0,0.0,0.0,0.0,1.0,0.0,0.0,0.0,20160026.0,9839183
106,107,0,0,0,0.0,0.0,0.0,0.0,0.0,0.0,0.0,0.0,20160026.0,9839183
107,108,0,0,0,0.0,0.0,0.0,0.0,0.0,0.0,0.0,0.0,20160026.0,9839183
108,109,0,0,0,0.0,0.0,0.0,0.0,0.0,0.0,0.0,9839183.0,10320843.0,9839183
109,110,0,10000223,0,0.0,0.0,0.0,0.0,6625.0,9993598.0,0.0,164581.0,10156262.0,9839183
110,111,0,0,0,0.0,0.0,0.0,0.0,0.0,9993598.0,0.0,0.0,10156262.0,9839183
111,112,0,0,0,0.0,0.0,0.0,0.0,0.0,9993598.0,0.0,9839183.0,317079.0,9839183
112,113,0,0,0,0.0,0.0,0.0,0.0,0.0,9993598.0,0.0,163572.0,153507.0,9839183
113,114,0,0,0,0.0,0.0,0.0,0.0,0.0,9993598.0,0.0,153507.0,0.0,9839183
114,115,10004763,10000938,0,9839182.0,0.0,165581.0,0.0,0.0,19994536.0,0.0,0.0,0.0,9839183
115,116,9997173,0,0,797681.0,1.0,9365072.0,1.0,0.0,19994535.0,0.0,0.0,0.0,9839183
116,117,0,9997777,0,0.0,0.0,9365072.0,0.0,0.0,29992312.0,0.0,0.0,0.0,9839183
117,118,0,0,0,0.0,0.0,9365072.0,0.0,0.0,29992312.0,0.0,0.0,0.0,9839183
118,119,0,0,10000552,0.0,0.0,9365072.0,0.0,0.0,29992312.0,0.0,9839183.0,161369.0,9839183
119,120,0,10000483,0,9365072.0,0.0,0.0,0.0,0.0,39992795.0,0.0,161369.0,0.0,9839183
120,121,0,0,0,0.0,0.0,0.0,0.0,164379.0,39828416.0,0.0,0.0,0.0,9839183
121,122,0,0,0,0.0,0.0,0.0,0.0,9515660.0,30312756.0,0.0,0.0,0.0,9839183
122,123,0,0,0,0.0,0.0,0.0,0.0,479319.0,29833437.0,0.0,0.0,0.0,9839183
123,124,0,9994916,0,0.0,0.0,0.0,0.0,9839183.0,29989170.0,0.0,0.0,0.0,9839183
124,125,0,0,0,0.0,0.0,0.0,0.0,9681463.0,20307707.0,0.0,0.0,0.0,9839183
125,126,0,0,0,0.0,0.0,0.0,0.0,319737.0,19987970.0,0.0,0.0,0.0,9839183
126,127,0,0,0,0.0,0.0,0.0,0.0,0.0,19987970.0,0.0,0.0,0.0,9839183
127,128,0,0,0,0.0,0.0,0.0,0.0,0.0,19987970.0,0.0,0.0,0.0,9839183
128,129,0,0,0,0.0,0.0,0.0,0.0,0.0,19987970.0,0.0,0.0,0.0,9839183
129,130,0,9998407,0,0.0,0.0,0.0,0.0,0.0,29986377.0,0.0,0.0,0.0,9839183
130,131,0,0,0,0.0,0.0,0.0,0.0,0.0,29986377.0,0.0,0.0,0.0,9839183
131,132,0,0,0,0.0,0.0,0.0,0.0,0.0,29986377.0,0.0,0.0,0.0,9839183
132,133,9997802,0,0,8678.0,0.0,9989124.0,9830505.0,0.0,20155872.0,0.0,0.0,0.0,9839183
133,134,9996745,0,0,1.0,0.0,19985868.0,9839182.0,0.0,10316690.0,0.0,0.0,0.0,9839183
134,135,0,0,0,9515541.0,0.0,10470327.0,323641.0,0.0,9993049.0,0.0,0.0,0.0,9839183
135,136,10005720,0,0,0.0,9839182.0,10636865.0,0.0,0.0,9993049.0,0.0,0.0,0.0,9839183
136,137,0,10000600,0,0.0,797681.0,9839184.0,9041502.0,0.0,10952147.0,0.0,0.0,0.0,9839183
137,138,0,9999376,10003783,0.0,0.0,9839184.0,0.0,0.0,20951523.0,0.0,9839183.0,164600.0,9839183
138,139,0,0,10003861,9839183.0,0.0,1.0,0.0,0.0,20951523.0,0.0,0.0,10168461.0,9839183
139,140,0,0,0,0.0,0.0,1.0,0.0,0.0,20951523.0,0.0,9839183.0,329278.0,9839183
140,141,9999579,0,0,0.0,9365072.0,634508.0,144833.0,0.0,20806690.0,0.0,329278.0,0.0,9839183
141,142,0,0,0,634507.0,0.0,1.0,9204676.0,0.0,11602014.0,0.0,0.0,0.0,9839183
142,143,0,0,0,0.0,0.0,1.0,9839183.0,0.0,1762831.0,0.0,0.0,0.0,9839183
143,144,10002498,0,0,4208.0,0.0,9998291.0,1762830.0,1.0,0.0,0.0,0.0,0.0,9839183
144,145,0,0,0,9839182.0,0.0,159109.0,0.0,0.0,0.0,0.0,0.0,0.0,9839183
145,146,9999901,0,0,0.0,0.0,10159010.0,0.0,0.0,0.0,0.0,0.0,0.0,9839183
146,147,0,0,0,160647.0,0.0,9998363.0,0.0,0.0,0.0,0.0,0.0,0.0,9839183
147,148,0,0,10005934,0.0,0.0,9998363.0,0.0,0.0,0.0,0.0,9839183.0,166751.0,9839183
148,149,0,10006341,0,0.0,0.0,9998363.0,6207.0,0.0,10000134.0,0.0,164380.0,2371.0,9839183
149,150,0,0,0,0.0,0.0,9998363.0,0.0,0.0,10000134.0,0.0,2371.0,0.0,9839183
150,151,0,0,0,0.0,0.0,9998363.0,9839183.0,0.0,160951.0,0.0,0.0,0.0,9839183
151,152,0,0,0,0.0,0.0,9998363.0,160951.0,0.0,0.0,0.0,0.0,0.0,9839183
152,153,0,0,0,0.0,0.0,9998363.0,0.0,0.0,0.0,0.0,0.0,0.0,9839183
153,154,0,0,0,0.0,8678.0,9989685.0,0.0,0.0,0.0,0.0,0.0,0.0,9839183
154,155,0,0,10001733,0.0,1.0,9989684.0,0.0,0.0,0.0,0.0,9678092.0,323641.0,9839183
155,156,0,0,0,0.0,9515541.0,474143.0,0.0,0.0,0.0,0.0,323640.0,1.0,9839183
156,157,0,0,0,0.0,0.0,474143.0,0.0,0.0,0.0,0.0,0.0,1.0,9839183
157,158,0,0,0,0.0,0.0,474143.0,0.0,0.0,0.0,0.0,0.0,1.0,9839183
158,159,10003755,0,0,0.0,0.0,10477898.0,0.0,0.0,0.0,0.0,0.0,1.0,9839183
159,160,0,0,0,0.0,9839183.0,638715.0,0.0,0.0,0.0,0.0,0.0,1.0,9839183
160,161,0,9998195,0,0.0,0.0,638715.0,0.0,9830505.0,167690.0,0.0,0.0,1.0,9839183
161,162,0,9995134,0,0.0,0.0,638715.0,0.0,9839182.0,323642.0,0.0,0.0,1.0,9839183
162,163,0,0,0,0.0,634507.0,4208.0,0.0,323641.0,1.0,0.0,0.0,1.0,9839183
163,164,0,9994398,0,0.0,0.0,4208.0,0.0,0.0,9994399.0,0.0,0.0,1.0,9839183
164,165,0,0,0,0.0,4208.0,0.0,0.0,9041502.0,952897.0,0.0,1.0,0.0,9839183
165,166,9999829,10005409,0,0.0,9839182.0,160647.0,0.0,0.0,10958306.0,0.0,0.0,0.0,9839183
166,167,0,0,9999824,0.0,0.0,160647.0,0.0,0.0,10958306.0,0.0,9839183.0,160641.0,9839183
167,168,0,0,0,0.0,160647.0,0.0,0.0,0.0,10958306.0,0.0,160641.0,0.0,9839183
168,169,0,0,0,0.0,0.0,0.0,0.0,144833.0,10813473.0,0.0,0.0,0.0,9839183
169,170,0,9999423,0,0.0,0.0,0.0,0.0,9204676.0,11608220.0,0.0,0.0,0.0,9839183
170,171,0,0,0,0.0,0.0,0.0,0.0,9839183.0,1769037.0,0.0,0.0,0.0,9839183
171,172,0,0,0,0.0,0.0,0.0,0.0,1762830.0,6207.0,0.0,0.0,0.0,9839183
172,173,0,0,0,0.0,0.0,0.0,0.0,0.0,6207.0,0.0,0.0,0.0,9839183
173,174,0,0,0,0.0,0.0,0.0,0.0,0.0,6207.0,0.0,0.0,0.0,9839183
174,175,0,0,0,0.0,0.0,0.0,0.0,0.0,6207.0,0.0,0.0,0.0,9839183
175,176,0,0,0,0.0,0.0,0.0,0.0,0.0,6207.0,0.0,0.0,0.0,9839183
176,177,0,0,0,0.0,0.0,0.0,0.0,6207.0,0.0,0.0,0.0,0.0,9839183
177,178,0,0,0,0.0,0.0,0.0,0.0,0.0,0.0,0.0,0.0,0.0,9839183
178,179,0,10000135,0,0.0,0.0,0.0,0.0,9839183.0,160952.0,0.0,0.0,0.0,9839183
179,180,0,0,10001248,0.0,0.0,0.0,0.0,160951.0,1.0,0.0,9678232.0,323016.0,9839183
