,instance,arrival_pfizer,arrival_moderna,arrival_astrazeneca,first_doses_Pfizer,second_doses_Pfizer,stock_values_Pfizer,first_doses_Moderna,second_doses_Moderna,stock_values_Moderna,first_doses_Astrazeneca,second_doses_Astrazeneca,stock_values_Astrazeneca,capacity
0,1,0,10000439,0,0.0,0.0,0.0,10000439.0,0.0,0.0,0.0,0.0,0.0,20304638
1,2,9994705,0,0,9994702.0,0.0,3.0,0.0,0.0,0.0,0.0,0.0,0.0,20304638
2,3,10002310,0,0,10002309.0,0.0,4.0,0.0,0.0,0.0,0.0,0.0,0.0,20304638
3,4,0,0,0,0.0,0.0,4.0,0.0,0.0,0.0,0.0,0.0,0.0,20304638
4,5,0,0,0,0.0,0.0,4.0,0.0,0.0,0.0,0.0,0.0,0.0,20304638
5,6,9996273,0,10002707,9996275.0,0.0,2.0,0.0,0.0,0.0,0.0,0.0,10002707.0,20304638
6,7,9998588,0,0,9998588.0,0.0,2.0,0.0,0.0,0.0,0.0,0.0,10002707.0,20304638
7,8,10002783,0,0,4941.0,0.0,9997844.0,0.0,0.0,0.0,0.0,0.0,10002707.0,20304638
8,9,0,0,0,1.0,0.0,9997843.0,0.0,0.0,0.0,0.0,0.0,10002707.0,20304638
9,10,0,0,0,0.0,0.0,9997843.0,0.0,0.0,0.0,0.0,0.0,10002707.0,20304638
10,11,0,0,0,0.0,0.0,9997843.0,0.0,0.0,0.0,0.0,0.0,10002707.0,20304638
11,12,0,9999216,0,1.0,0.0,9997842.0,9700218.0,0.0,298998.0,0.0,0.0,10002707.0,20304638
12,13,0,0,9997870,0.0,0.0,9997842.0,298998.0,0.0,0.0,0.0,0.0,20000577.0,20304638
13,14,9998156,10004948,0,1.0,0.0,19995997.0,10004948.0,0.0,0.0,0.0,0.0,20000577.0,20304638
14,15,0,10002542,0,0.0,0.0,19995997.0,4248.0,0.0,9998294.0,0.0,0.0,20000577.0,20304638
15,16,0,0,0,0.0,0.0,19995997.0,0.0,0.0,9998294.0,0.0,0.0,20000577.0,20304638
16,17,0,0,0,1.0,0.0,19995996.0,9998294.0,0.0,0.0,0.0,0.0,20000577.0,20304638
17,18,10000051,0,0,0.0,0.0,29996047.0,0.0,0.0,0.0,0.0,0.0,20000577.0,20304638
18,19,0,0,0,9999799.0,0.0,19996248.0,0.0,0.0,0.0,0.0,0.0,20000577.0,20304638
19,20,0,10006927,0,1.0,0.0,19996247.0,0.0,0.0,10006927.0,0.0,0.0,20000577.0,20304638
20,21,0,0,0,4619.0,0.0,19991628.0,10005481.0,0.0,1446.0,0.0,0.0,20000577.0,20304638
21,22,10000946,0,0,0.0,0.0,29992574.0,0.0,0.0,1446.0,0.0,0.0,20000577.0,20304638
22,23,10004250,0,9995329,1.0,9994702.0,30002121.0,0.0,0.0,1446.0,0.0,0.0,29995906.0,20304638
23,24,0,0,0,0.0,10002309.0,19999812.0,326.0,0.0,1120.0,0.0,0.0,29995906.0,20304638
24,25,0,0,0,0.0,0.0,19999812.0,0.0,0.0,1120.0,0.0,0.0,29995906.0,20304638
25,26,0,9997522,0,0.0,0.0,19999812.0,0.0,0.0,9998642.0,0.0,0.0,29995906.0,20304638
26,27,0,0,0,0.0,9996275.0,10003537.0,0.0,0.0,9998642.0,10000155.0,0.0,19995751.0,20304638
27,28,0,0,0,0.0,9998588.0,4949.0,9994952.0,0.0,3690.0,0.0,0.0,19995751.0,20304638
28,29,0,9996749,0,0.0,4941.0,8.0,0.0,10000439.0,0.0,0.0,0.0,19995751.0,20304638
29,30,0,0,9998384,0.0,1.0,7.0,0.0,0.0,0.0,0.0,0.0,29994135.0,20304638
30,31,0,0,0,0.0,0.0,7.0,0.0,0.0,0.0,0.0,0.0,29994135.0,20304638
31,32,0,0,0,0.0,0.0,7.0,0.0,0.0,0.0,0.0,0.0,29994135.0,20304638
32,33,0,0,0,0.0,1.0,6.0,0.0,0.0,0.0,0.0,0.0,29994135.0,20304638
33,34,0,0,0,0.0,0.0,6.0,0.0,0.0,0.0,0.0,0.0,29994135.0,20304638
34,35,0,0,0,0.0,1.0,5.0,0.0,0.0,0.0,9999685.0,0.0,19994450.0,20304638
35,36,0,0,0,0.0,0.0,5.0,0.0,0.0,0.0,0.0,0.0,19994450.0,20304638
36,37,0,9998350,0,0.0,0.0,5.0,0.0,0.0,9998350.0,0.0,0.0,19994450.0,20304638
37,38,0,0,0,0.0,1.0,4.0,0.0,0.0,9998350.0,10000831.0,0.0,9993619.0,20304638
38,39,0,0,0,0.0,0.0,4.0,0.0,0.0,9998350.0,0.0,0.0,9993619.0,20304638
39,40,9999798,0,10000620,1.0,9999799.0,2.0,298132.0,9700218.0,0.0,0.0,0.0,19994239.0,20304638
40,41,0,9999987,0,1.0,1.0,0.0,9697682.0,298998.0,3307.0,0.0,0.0,19994239.0,20304638
41,42,10000158,10005889,9998333,1.0,4619.0,9995538.0,0.0,10004948.0,4248.0,0.0,0.0,29992572.0,20304638
42,43,0,0,0,1.0,0.0,9995537.0,0.0,4248.0,0.0,0.0,0.0,29992572.0,20304638
43,44,0,0,0,0.0,1.0,9995536.0,0.0,0.0,0.0,0.0,0.0,29992572.0,20304638
44,45,0,9998294,10002032,0.0,0.0,9995536.0,0.0,9998294.0,0.0,0.0,0.0,39994604.0,20304638
45,46,0,0,0,0.0,0.0,9995536.0,0.0,0.0,0.0,9999075.0,0.0,29995529.0,20304638
46,47,0,0,9998334,9995535.0,0.0,1.0,0.0,0.0,0.0,10006215.0,0.0,29987648.0,20304638
47,48,0,0,0,0.0,0.0,1.0,0.0,0.0,0.0,0.0,0.0,29987648.0,20304638
48,49,0,10005481,0,1.0,0.0,0.0,0.0,10005481.0,0.0,10001011.0,0.0,19986637.0,20304638
49,50,0,0,0,0.0,0.0,0.0,0.0,0.0,0.0,0.0,0.0,19986637.0,20304638
50,51,0,0,0,0.0,0.0,0.0,0.0,0.0,0.0,0.0,0.0,19986637.0,20304638
51,52,10000444,9999088,0,0.0,0.0,10000444.0,9998762.0,326.0,0.0,0.0,0.0,19986637.0,20304638
52,53,0,0,0,9997800.0,0.0,2644.0,0.0,0.0,0.0,0.0,0.0,19986637.0,20304638
53,54,0,0,0,0.0,0.0,2644.0,0.0,0.0,0.0,0.0,0.0,19986637.0,20304638
54,55,0,0,10005551,0.0,0.0,2644.0,0.0,0.0,0.0,0.0,0.0,29992188.0,20304638
55,56,0,9997917,0,0.0,0.0,2644.0,0.0,9994952.0,2965.0,0.0,0.0,29992188.0,20304638
56,57,0,0,9991808,2640.0,0.0,4.0,0.0,0.0,2965.0,0.0,0.0,39983996.0,20304638
57,58,0,0,0,0.0,0.0,4.0,0.0,0.0,2965.0,0.0,0.0,39983996.0,20304638
58,59,0,0,0,0.0,0.0,4.0,0.0,0.0,2965.0,0.0,0.0,39983996.0,20304638
59,60,0,0,0,0.0,0.0,4.0,0.0,0.0,2965.0,0.0,0.0,39983996.0,20304638
60,61,0,0,0,0.0,1.0,3.0,0.0,0.0,2965.0,0.0,0.0,39983996.0,20304638
61,62,0,0,0,0.0,1.0,2.0,0.0,0.0,2965.0,10000227.0,0.0,29983769.0,20304638
62,63,0,0,0,0.0,1.0,1.0,2965.0,0.0,0.0,0.0,0.0,29983769.0,20304638
63,64,0,0,9994081,0.0,1.0,0.0,0.0,0.0,0.0,0.0,0.0,39977850.0,20304638
64,65,0,0,0,0.0,0.0,0.0,0.0,0.0,0.0,0.0,0.0,39977850.0,20304638
65,66,0,0,0,0.0,0.0,0.0,0.0,0.0,0.0,0.0,0.0,39977850.0,20304638
66,67,0,0,0,0.0,0.0,0.0,0.0,0.0,0.0,10004333.0,0.0,29973517.0,20304638
67,68,9995537,10003235,0,0.0,9995535.0,2.0,7421.0,298132.0,9697682.0,10003548.0,0.0,19969969.0,20304638
68,69,0,0,0,0.0,0.0,2.0,0.0,9697682.0,0.0,0.0,0.0,19969969.0,20304638
69,70,0,0,0,0.0,1.0,1.0,0.0,0.0,0.0,0.0,0.0,19969969.0,20304638
70,71,0,0,0,0.0,0.0,1.0,0.0,0.0,0.0,0.0,0.0,19969969.0,20304638
71,72,0,9998762,0,0.0,0.0,1.0,0.0,0.0,9998762.0,0.0,0.0,19969969.0,20304638
72,73,0,0,0,0.0,0.0,1.0,0.0,0.0,9998762.0,0.0,0.0,19969969.0,20304638
73,74,9997805,0,0,2.0,9997800.0,4.0,0.0,0.0,9998762.0,0.0,0.0,19969969.0,20304638
74,75,0,0,0,0.0,0.0,4.0,0.0,0.0,9998762.0,0.0,0.0,19969969.0,20304638
75,76,0,0,9999014,1.0,0.0,3.0,0.0,0.0,9998762.0,0.0,0.0,29968983.0,20304638
76,77,0,0,0,0.0,0.0,3.0,0.0,0.0,9998762.0,0.0,0.0,29968983.0,20304638
77,78,9996697,0,0,1.0,2640.0,9994059.0,0.0,0.0,9998762.0,0.0,0.0,29968983.0,20304638
78,79,0,0,0,0.0,0.0,9994059.0,0.0,0.0,9998762.0,10000925.0,0.0,19968058.0,20304638
79,80,0,0,0,0.0,0.0,9994059.0,0.0,9998762.0,0.0,9996454.0,0.0,9971604.0,20304638
80,81,10001390,0,0,2.0,0.0,19995447.0,0.0,0.0,0.0,0.0,0.0,9971604.0,20304638
81,82,0,0,0,9999238.0,0.0,9996209.0,0.0,0.0,0.0,0.0,0.0,9971604.0,20304638
82,83,9998452,0,0,0.0,0.0,19994661.0,0.0,0.0,0.0,0.0,0.0,9971604.0,20304638
83,84,0,0,0,0.0,0.0,19994661.0,0.0,0.0,0.0,0.0,0.0,9971604.0,20304638
84,85,9993245,0,0,9996223.0,0.0,19991683.0,0.0,0.0,0.0,0.0,0.0,9971604.0,20304638
85,86,0,0,0,0.0,0.0,19991683.0,0.0,0.0,0.0,0.0,0.0,9971604.0,20304638
86,87,0,0,0,9997202.0,0.0,9994481.0,0.0,0.0,0.0,9971604.0,0.0,0.0,20304638
87,88,0,0,0,4992826.0,0.0,5001655.0,0.0,0.0,0.0,0.0,0.0,0.0,20304638
88,89,0,0,0,0.0,0.0,5001655.0,0.0,0.0,0.0,0.0,0.0,0.0,20304638
89,90,0,0,0,5001652.0,0.0,3.0,0.0,0.0,0.0,0.0,0.0,0.0,20304638
90,91,0,9995502,0,0.0,0.0,3.0,4992252.0,2965.0,5000285.0,0.0,0.0,0.0,20304638
91,92,0,0,0,0.0,0.0,3.0,0.0,0.0,5000285.0,0.0,0.0,0.0,20304638
92,93,0,0,0,0.0,0.0,3.0,0.0,0.0,5000285.0,0.0,0.0,0.0,20304638
93,94,9996260,0,0,4996048.0,0.0,5000215.0,0.0,0.0,5000285.0,0.0,0.0,0.0,20304638
94,95,0,0,0,0.0,2.0,5000213.0,0.0,0.0,5000285.0,0.0,0.0,0.0,20304638
95,96,0,0,0,0.0,0.0,5000213.0,0.0,7421.0,4992864.0,0.0,0.0,0.0,20304638
96,97,0,0,0,0.0,1.0,5000212.0,0.0,0.0,4992864.0,0.0,0.0,0.0,20304638
97,98,0,0,0,5000209.0,0.0,3.0,0.0,0.0,4992864.0,0.0,0.0,0.0,20304638
98,99,0,0,0,0.0,1.0,2.0,0.0,0.0,4992864.0,0.0,0.0,0.0,20304638
99,100,0,0,0,0.0,0.0,2.0,4992864.0,0.0,0.0,0.0,0.0,0.0,20304638
100,101,0,0,0,0.0,0.0,2.0,0.0,0.0,0.0,0.0,0.0,0.0,20304638
101,102,0,0,0,0.0,2.0,0.0,0.0,0.0,0.0,0.0,0.0,0.0,20304638
102,103,9999241,0,0,2.0,9999238.0,1.0,0.0,0.0,0.0,0.0,0.0,0.0,20304638
103,104,0,0,0,0.0,0.0,1.0,0.0,0.0,0.0,0.0,0.0,0.0,20304638
104,105,0,9995313,10000155,0.0,0.0,1.0,9995313.0,0.0,0.0,0.0,10000155.0,0.0,20304638
105,106,9996223,0,0,0.0,9996223.0,1.0,0.0,0.0,0.0,0.0,0.0,0.0,20304638
106,107,0,0,0,0.0,0.0,1.0,0.0,0.0,0.0,0.0,0.0,0.0,20304638
107,108,9997203,0,0,1.0,9997202.0,1.0,0.0,0.0,0.0,0.0,0.0,0.0,20304638
108,109,9999149,0,0,5006321.0,4992826.0,3.0,0.0,0.0,0.0,0.0,0.0,0.0,20304638
109,110,0,9999914,0,0.0,0.0,3.0,9999914.0,0.0,0.0,0.0,0.0,0.0,20304638
110,111,9997701,0,0,2.0,5001652.0,4996050.0,0.0,0.0,0.0,0.0,0.0,0.0,20304638
111,112,0,0,0,1.0,0.0,4996049.0,0.0,0.0,0.0,0.0,0.0,0.0,20304638
112,113,0,0,9999685,0.0,0.0,4996049.0,0.0,0.0,0.0,0.0,9999685.0,0.0,20304638
113,114,0,10000639,0,0.0,0.0,4996049.0,5008387.0,0.0,4992252.0,0.0,0.0,0.0,20304638
114,115,0,0,0,0.0,4996048.0,1.0,0.0,0.0,4992252.0,0.0,0.0,0.0,20304638
115,116,0,0,10000831,0.0,0.0,1.0,0.0,0.0,4992252.0,0.0,10000831.0,0.0,20304638
116,117,0,0,0,0.0,0.0,1.0,0.0,0.0,4992252.0,0.0,0.0,0.0,20304638
117,118,0,0,0,0.0,0.0,1.0,0.0,0.0,4992252.0,0.0,0.0,0.0,20304638
118,119,9999063,0,0,1.0,5000209.0,4998854.0,0.0,4992252.0,0.0,0.0,0.0,0.0,20304638
119,120,0,0,0,0.0,0.0,4998854.0,0.0,0.0,0.0,0.0,0.0,0.0,20304638
120,121,0,0,0,0.0,0.0,4998854.0,0.0,0.0,0.0,0.0,0.0,0.0,20304638
121,122,0,0,0,0.0,0.0,4998854.0,0.0,0.0,0.0,0.0,0.0,0.0,20304638
122,123,0,0,0,0.0,0.0,4998854.0,0.0,0.0,0.0,0.0,0.0,0.0,20304638
123,124,0,0,9999075,0.0,2.0,4998852.0,0.0,0.0,0.0,0.0,9999075.0,0.0,20304638
124,125,0,0,10006215,4998852.0,0.0,0.0,0.0,0.0,0.0,0.0,10006215.0,0.0,20304638
125,126,10000549,0,0,4990247.0,0.0,5010302.0,0.0,0.0,0.0,0.0,0.0,0.0,20304638
126,127,0,0,10001011,3977.0,0.0,5006325.0,0.0,0.0,0.0,0.0,10001011.0,0.0,20304638
127,128,0,10004014,0,0.0,0.0,5006325.0,0.0,4992864.0,5011150.0,0.0,0.0,0.0,20304638
128,129,0,9994283,0,0.0,1.0,5006324.0,0.0,0.0,15005433.0,0.0,0.0,0.0,20304638
129,130,0,0,0,0.0,5006321.0,3.0,0.0,0.0,15005433.0,0.0,0.0,0.0,20304638
130,131,0,0,0,0.0,0.0,3.0,0.0,0.0,15005433.0,0.0,0.0,0.0,20304638
131,132,0,0,0,0.0,2.0,1.0,0.0,0.0,15005433.0,0.0,0.0,0.0,20304638
132,133,0,0,0,0.0,1.0,0.0,0.0,9995313.0,5010120.0,0.0,0.0,0.0,20304638
133,134,0,9999075,0,0.0,0.0,0.0,0.0,0.0,15009195.0,0.0,0.0,0.0,20304638
134,135,0,0,0,0.0,0.0,0.0,0.0,0.0,15009195.0,0.0,0.0,0.0,20304638
135,136,0,0,0,0.0,0.0,0.0,0.0,0.0,15009195.0,0.0,0.0,0.0,20304638
136,137,0,0,0,0.0,0.0,0.0,0.0,0.0,15009195.0,0.0,0.0,0.0,20304638
137,138,0,0,0,0.0,0.0,0.0,0.0,9999914.0,5009281.0,0.0,0.0,0.0,20304638
138,139,0,0,0,0.0,0.0,0.0,0.0,0.0,5009281.0,0.0,0.0,0.0,20304638
139,140,9996231,0,10000227,9996229.0,1.0,1.0,0.0,0.0,5009281.0,0.0,10000227.0,0.0,20304638
140,141,0,0,0,0.0,0.0,1.0,0.0,0.0,5009281.0,0.0,0.0,0.0,20304638
141,142,0,0,0,1.0,0.0,0.0,0.0,5008387.0,894.0,0.0,0.0,0.0,20304638
142,143,0,0,0,0.0,0.0,0.0,0.0,0.0,894.0,0.0,0.0,0.0,20304638
143,144,0,10001162,0,0.0,0.0,0.0,0.0,0.0,10002056.0,0.0,0.0,0.0,20304638
144,145,0,0,10004333,0.0,0.0,0.0,0.0,0.0,10002056.0,0.0,10004333.0,0.0,20304638
145,146,9999303,0,10003548,5000449.0,4998852.0,2.0,0.0,0.0,10002056.0,0.0,10003548.0,0.0,20304638
146,147,9996589,0,0,5006344.0,4990247.0,0.0,0.0,0.0,10002056.0,0.0,0.0,0.0,20304638
147,148,10000487,0,0,0.0,3977.0,9996510.0,0.0,0.0,10002056.0,0.0,0.0,0.0,20304638
148,149,0,0,0,9996510.0,0.0,0.0,0.0,0.0,10002056.0,0.0,0.0,0.0,20304638
149,150,0,0,0,0.0,0.0,0.0,10002056.0,0.0,0.0,0.0,0.0,0.0,20304638
150,151,0,0,0,0.0,0.0,0.0,0.0,0.0,0.0,0.0,0.0,0.0,20304638
151,152,0,0,0,0.0,0.0,0.0,0.0,0.0,0.0,0.0,0.0,0.0,20304638
152,153,0,0,0,0.0,0.0,0.0,0.0,0.0,0.0,0.0,0.0,0.0,20304638
153,154,0,0,0,0.0,0.0,0.0,0.0,0.0,0.0,0.0,0.0,0.0,20304638
154,155,0,0,0,0.0,0.0,0.0,0.0,0.0,0.0,0.0,0.0,0.0,20304638
155,156,10000412,0,0,10000409.0,0.0,3.0,0.0,0.0,0.0,0.0,0.0,0.0,20304638
156,157,0,0,10000925,1.0,0.0,2.0,0.0,0.0,0.0,0.0,10000925.0,0.0,20304638
157,158,0,0,9996454,0.0,0.0,2.0,0.0,0.0,0.0,0.0,9996454.0,0.0,20304638
158,159,0,0,0,0.0,0.0,2.0,0.0,0.0,0.0,0.0,0.0,0.0,20304638
159,160,10000186,0,0,0.0,0.0,10000188.0,0.0,0.0,0.0,0.0,0.0,0.0,20304638
160,161,0,0,0,0.0,9996229.0,3959.0,0.0,0.0,0.0,0.0,0.0,0.0,20304638
161,162,0,0,0,0.0,0.0,3959.0,0.0,0.0,0.0,0.0,0.0,0.0,20304638
162,163,0,0,0,0.0,1.0,3958.0,0.0,0.0,0.0,0.0,0.0,0.0,20304638
163,164,0,0,0,0.0,0.0,3958.0,0.0,0.0,0.0,0.0,0.0,0.0,20304638
164,165,0,0,10000545,0.0,0.0,3958.0,0.0,0.0,0.0,0.0,9971604.0,28941.0,20304638
165,166,0,0,0,0.0,0.0,3958.0,0.0,0.0,0.0,0.0,0.0,28941.0,20304638
166,167,10002837,0,0,0.0,5000449.0,5006346.0,0.0,0.0,0.0,0.0,0.0,28941.0,20304638
167,168,0,0,0,0.0,5006344.0,2.0,0.0,0.0,0.0,0.0,0.0,28941.0,20304638
168,169,0,0,0,0.0,0.0,2.0,0.0,0.0,0.0,0.0,0.0,28941.0,20304638
169,170,9999214,0,0,0.0,9996510.0,2706.0,0.0,0.0,0.0,0.0,0.0,28941.0,20304638
170,171,0,0,0,0.0,0.0,2706.0,0.0,0.0,0.0,0.0,0.0,28941.0,20304638
171,172,0,0,0,0.0,0.0,2706.0,0.0,0.0,0.0,0.0,0.0,28941.0,20304638
172,173,0,0,0,0.0,0.0,2706.0,0.0,0.0,0.0,0.0,0.0,28941.0,20304638
173,174,9997706,0,0,0.0,0.0,10000412.0,0.0,0.0,0.0,0.0,0.0,28941.0,20304638
174,175,0,0,0,0.0,0.0,10000412.0,0.0,0.0,0.0,0.0,0.0,28941.0,20304638
175,176,0,0,0,0.0,0.0,10000412.0,0.0,0.0,0.0,0.0,0.0,28941.0,20304638
176,177,0,0,0,0.0,10000409.0,3.0,0.0,0.0,0.0,0.0,0.0,28941.0,20304638
177,178,0,10002056,0,0.0,1.0,2.0,0.0,10002056.0,0.0,0.0,0.0,28941.0,20304638
178,179,0,0,0,0.0,0.0,2.0,0.0,0.0,0.0,0.0,0.0,28941.0,20304638
179,180,0,0,9997468,0.0,0.0,2.0,0.0,0.0,0.0,0.0,0.0,10026409.0,20304638
