,instance,arrival_pfizer,arrival_moderna,arrival_astrazeneca,first_doses_Pfizer,second_doses_Pfizer,stock_values_Pfizer,first_doses_Moderna,second_doses_Moderna,stock_values_Moderna,first_doses_Astrazeneca,second_doses_Astrazeneca,stock_values_Astrazeneca,capacity
0,1,0,0,0,0.0,0.0,0.0,0.0,0.0,0.0,0.0,0.0,0.0,19200067
1,2,0,0,0,0.0,0.0,0.0,0.0,0.0,0.0,0.0,0.0,0.0,19200067
2,3,9996298,10004175,0,9996295.0,0.0,3.0,9203769.0,0.0,800406.0,0.0,0.0,0.0,19200067
3,4,0,0,0,0.0,0.0,3.0,800406.0,0.0,0.0,0.0,0.0,0.0,19200067
4,5,0,0,0,1.0,0.0,2.0,0.0,0.0,0.0,0.0,0.0,0.0,19200067
5,6,0,0,0,0.0,0.0,2.0,0.0,0.0,0.0,0.0,0.0,0.0,19200067
6,7,9999803,9996936,0,6787.0,0.0,9993018.0,9996936.0,0.0,0.0,0.0,0.0,0.0,19200067
7,8,0,0,0,0.0,0.0,9993018.0,0.0,0.0,0.0,0.0,0.0,0.0,19200067
8,9,0,0,0,1.0,0.0,9993017.0,0.0,0.0,0.0,0.0,0.0,0.0,19200067
9,10,0,0,9999731,9993015.0,0.0,2.0,0.0,0.0,0.0,0.0,0.0,9999731.0,19200067
10,11,9997275,0,0,2216.0,0.0,9995061.0,0.0,0.0,0.0,0.0,0.0,9999731.0,19200067
11,12,0,0,0,9995059.0,0.0,2.0,0.0,0.0,0.0,0.0,0.0,9999731.0,19200067
12,13,9997126,0,9997857,4350.0,0.0,9992778.0,0.0,0.0,0.0,0.0,0.0,19997588.0,19200067
13,14,0,0,0,1.0,0.0,9992777.0,0.0,0.0,0.0,0.0,0.0,19997588.0,19200067
14,15,10005347,0,0,9998447.0,0.0,9999677.0,0.0,0.0,0.0,0.0,0.0,19997588.0,19200067
15,16,9998597,0,0,0.0,0.0,19998274.0,0.0,0.0,0.0,0.0,0.0,19997588.0,19200067
16,17,0,0,0,0.0,0.0,19998274.0,0.0,0.0,0.0,0.0,0.0,19997588.0,19200067
17,18,0,0,0,0.0,0.0,19998274.0,0.0,0.0,0.0,0.0,0.0,19997588.0,19200067
18,19,0,0,0,0.0,0.0,19998274.0,0.0,0.0,0.0,0.0,0.0,19997588.0,19200067
19,20,0,0,0,0.0,0.0,19998274.0,0.0,0.0,0.0,0.0,0.0,19997588.0,19200067
20,21,0,0,0,9995186.0,0.0,10003088.0,0.0,0.0,0.0,0.0,0.0,19997588.0,19200067
21,22,0,9997351,0,1.0,0.0,10003087.0,9992199.0,0.0,5152.0,0.0,0.0,19997588.0,19200067
22,23,0,10000480,0,1.0,0.0,10003086.0,0.0,0.0,10005632.0,0.0,0.0,19997588.0,19200067
23,24,0,10000721,0,0.0,9996295.0,6791.0,0.0,0.0,20006353.0,0.0,0.0,19997588.0,19200067
24,25,0,0,0,0.0,0.0,6791.0,0.0,0.0,20006353.0,9998677.0,0.0,9998911.0,19200067
25,26,0,0,0,0.0,1.0,6790.0,0.0,0.0,20006353.0,0.0,0.0,9998911.0,19200067
26,27,0,0,0,0.0,0.0,6790.0,0.0,0.0,20006353.0,0.0,0.0,9998911.0,19200067
27,28,0,0,0,0.0,6787.0,3.0,10002146.0,0.0,10004207.0,0.0,0.0,9998911.0,19200067
28,29,0,0,0,0.0,0.0,3.0,0.0,0.0,10004207.0,9995628.0,0.0,3283.0,19200067
29,30,0,10001215,0,0.0,1.0,2.0,0.0,0.0,20005422.0,0.0,0.0,3283.0,19200067
30,31,9995231,0,0,0.0,9993015.0,2218.0,0.0,9203769.0,10801653.0,3283.0,0.0,0.0,19200067
31,32,0,0,10006544,0.0,2216.0,2.0,0.0,800406.0,10001247.0,9995613.0,0.0,10931.0,19200067
32,33,9999410,10005094,0,0.0,9995059.0,4353.0,0.0,0.0,20006341.0,0.0,0.0,10931.0,19200067
33,34,0,0,0,0.0,4350.0,3.0,0.0,0.0,20006341.0,10931.0,0.0,0.0,19200067
34,35,0,0,0,0.0,1.0,2.0,795876.0,9996936.0,9213529.0,0.0,0.0,0.0,19200067
35,36,9998447,0,0,0.0,9998447.0,2.0,767.0,0.0,9212762.0,0.0,0.0,0.0,19200067
36,37,0,0,0,0.0,0.0,2.0,0.0,0.0,9212762.0,0.0,0.0,0.0,19200067
37,38,0,0,0,0.0,0.0,2.0,1588.0,0.0,9211174.0,0.0,0.0,0.0,19200067
38,39,0,10004704,0,0.0,0.0,2.0,0.0,0.0,19215878.0,0.0,0.0,0.0,19200067
39,40,0,9995043,0,0.0,0.0,2.0,0.0,0.0,29210921.0,0.0,0.0,0.0,19200067
40,41,0,0,0,2.0,0.0,0.0,0.0,0.0,29210921.0,0.0,0.0,0.0,19200067
41,42,10001106,0,0,5920.0,9995186.0,0.0,0.0,0.0,29210921.0,0.0,0.0,0.0,19200067
42,43,9995970,0,0,806589.0,1.0,9189380.0,0.0,0.0,29210921.0,0.0,0.0,0.0,19200067
43,44,0,0,0,9189378.0,1.0,1.0,0.0,0.0,29210921.0,0.0,0.0,0.0,19200067
44,45,0,10000279,0,1.0,0.0,0.0,0.0,0.0,39211200.0,0.0,0.0,0.0,19200067
45,46,0,0,0,0.0,0.0,0.0,9226868.0,0.0,29984332.0,0.0,0.0,0.0,19200067
46,47,0,0,0,0.0,0.0,0.0,9998091.0,0.0,19986241.0,0.0,0.0,0.0,19200067
47,48,0,0,0,0.0,0.0,0.0,9994042.0,0.0,9992199.0,0.0,0.0,0.0,19200067
48,49,0,0,9999137,0.0,0.0,0.0,0.0,0.0,9992199.0,9999137.0,0.0,0.0,19200067
49,50,0,0,0,0.0,0.0,0.0,0.0,9992199.0,0.0,0.0,0.0,0.0,19200067
50,51,0,0,0,0.0,0.0,0.0,0.0,0.0,0.0,0.0,0.0,0.0,19200067
51,52,0,0,0,0.0,0.0,0.0,0.0,0.0,0.0,0.0,0.0,0.0,19200067
52,53,0,0,0,0.0,0.0,0.0,0.0,0.0,0.0,0.0,0.0,0.0,19200067
53,54,0,0,0,0.0,0.0,0.0,0.0,0.0,0.0,0.0,0.0,0.0,19200067
54,55,0,0,0,0.0,0.0,0.0,0.0,0.0,0.0,0.0,0.0,0.0,19200067
55,56,0,10002146,0,0.0,0.0,0.0,0.0,10002146.0,0.0,0.0,0.0,0.0,19200067
56,57,0,0,0,0.0,0.0,0.0,0.0,0.0,0.0,0.0,0.0,0.0,19200067
57,58,0,0,0,0.0,0.0,0.0,0.0,0.0,0.0,0.0,0.0,0.0,19200067
58,59,0,0,9995805,0.0,0.0,0.0,0.0,0.0,0.0,9995805.0,0.0,0.0,19200067
59,60,0,0,0,0.0,0.0,0.0,0.0,0.0,0.0,0.0,0.0,0.0,19200067
60,61,0,0,0,0.0,0.0,0.0,0.0,0.0,0.0,0.0,0.0,0.0,19200067
61,62,9997000,0,0,801936.0,2.0,9195062.0,0.0,0.0,0.0,0.0,0.0,0.0,19200067
62,63,10001395,9997280,0,9197634.0,5920.0,9992903.0,9200637.0,795876.0,767.0,0.0,0.0,0.0,19200067
63,64,0,0,0,9186312.0,806589.0,2.0,0.0,767.0,0.0,0.0,0.0,0.0,19200067
64,65,9999633,10003819,0,8458.0,9189378.0,801799.0,10002231.0,0.0,1588.0,0.0,0.0,0.0,19200067
65,66,0,0,0,801797.0,1.0,1.0,0.0,1588.0,0.0,0.0,0.0,0.0,19200067
66,67,0,0,0,1.0,0.0,0.0,0.0,0.0,0.0,0.0,0.0,0.0,19200067
67,68,0,0,0,0.0,0.0,0.0,0.0,0.0,0.0,0.0,0.0,0.0,19200067
68,69,0,0,0,0.0,0.0,0.0,0.0,0.0,0.0,0.0,0.0,0.0,19200067
69,70,0,0,0,0.0,0.0,0.0,0.0,0.0,0.0,0.0,0.0,0.0,19200067
70,71,0,0,0,0.0,0.0,0.0,0.0,0.0,0.0,0.0,0.0,0.0,19200067
71,72,10003595,0,10002231,9197836.0,0.0,805759.0,0.0,0.0,0.0,10002231.0,0.0,0.0,19200067
72,73,0,0,0,803357.0,0.0,2402.0,0.0,0.0,0.0,0.0,0.0,0.0,19200067
73,74,0,9999488,0,0.0,0.0,2402.0,772620.0,9226868.0,0.0,0.0,0.0,0.0,19200067
74,75,0,9998091,0,2402.0,0.0,0.0,0.0,9998091.0,0.0,0.0,0.0,0.0,19200067
75,76,10001302,9996944,0,795349.0,0.0,9205953.0,0.0,9994042.0,2902.0,0.0,0.0,0.0,19200067
76,77,0,0,10001656,0.0,0.0,9205953.0,0.0,0.0,2902.0,10001656.0,0.0,0.0,19200067
77,78,0,0,0,0.0,0.0,9205953.0,0.0,0.0,2902.0,0.0,0.0,0.0,19200067
78,79,0,0,0,0.0,0.0,9205953.0,0.0,0.0,2902.0,0.0,0.0,0.0,19200067
79,80,0,10003988,0,0.0,0.0,9205953.0,0.0,0.0,10006890.0,0.0,0.0,0.0,19200067
80,81,0,0,0,0.0,0.0,9205953.0,0.0,0.0,10006890.0,0.0,0.0,0.0,19200067
81,82,0,0,0,8404015.0,0.0,801938.0,0.0,0.0,10006890.0,0.0,0.0,0.0,19200067
82,83,0,0,0,0.0,801936.0,2.0,9201282.0,0.0,805608.0,0.0,0.0,0.0,19200067
83,84,9995051,0,0,797418.0,9197634.0,1.0,805608.0,0.0,0.0,0.0,0.0,0.0,19200067
84,85,10006847,0,0,820535.0,9186312.0,1.0,0.0,0.0,0.0,0.0,0.0,0.0,19200067
85,86,10000130,0,0,0.0,8458.0,9991673.0,0.0,0.0,0.0,0.0,0.0,0.0,19200067
86,87,0,0,0,0.0,801797.0,9189876.0,0.0,0.0,0.0,0.0,0.0,0.0,19200067
87,88,0,10000587,0,9189381.0,1.0,494.0,0.0,0.0,10000587.0,0.0,0.0,0.0,19200067
88,89,0,0,0,0.0,0.0,494.0,9995994.0,0.0,4593.0,0.0,0.0,0.0,19200067
89,90,0,0,0,1.0,0.0,493.0,0.0,0.0,4593.0,0.0,0.0,0.0,19200067
90,91,0,10002311,9999430,0.0,0.0,493.0,0.0,9200637.0,806267.0,9999430.0,0.0,0.0,19200067
91,92,0,0,0,0.0,0.0,493.0,0.0,0.0,806267.0,0.0,0.0,0.0,19200067
92,93,10000700,10000410,0,0.0,9197836.0,803357.0,0.0,10002231.0,804446.0,0.0,0.0,0.0,19200067
93,94,0,0,0,0.0,803357.0,0.0,0.0,0.0,804446.0,0.0,0.0,0.0,19200067
94,95,0,0,0,0.0,0.0,0.0,31826.0,0.0,772620.0,0.0,0.0,0.0,19200067
95,96,10001827,0,0,9204071.0,2402.0,795354.0,0.0,0.0,772620.0,0.0,0.0,0.0,19200067
96,97,0,0,0,2.0,795349.0,3.0,0.0,0.0,772620.0,0.0,0.0,0.0,19200067
97,98,0,0,0,0.0,0.0,3.0,0.0,0.0,772620.0,0.0,0.0,0.0,19200067
98,99,0,0,0,0.0,0.0,3.0,0.0,0.0,772620.0,0.0,0.0,0.0,19200067
99,100,0,0,0,1.0,0.0,2.0,0.0,0.0,772620.0,0.0,0.0,0.0,19200067
100,101,9999979,0,0,9999980.0,0.0,1.0,0.0,0.0,772620.0,0.0,0.0,0.0,19200067
101,102,0,0,0,1.0,0.0,0.0,0.0,772620.0,0.0,0.0,0.0,0.0,19200067
102,103,9998806,0,9998677,797372.0,8404015.0,797419.0,0.0,0.0,0.0,0.0,9998677.0,0.0,19200067
103,104,0,0,0,0.0,0.0,797419.0,0.0,0.0,0.0,0.0,0.0,0.0,19200067
104,105,0,0,0,0.0,797418.0,1.0,0.0,0.0,0.0,0.0,0.0,0.0,19200067
105,106,10000651,0,0,9180116.0,820535.0,1.0,0.0,0.0,0.0,0.0,0.0,0.0,19200067
106,107,0,0,9995628,1.0,0.0,0.0,0.0,0.0,0.0,0.0,9995628.0,0.0,19200067
107,108,0,0,0,0.0,0.0,0.0,0.0,0.0,0.0,0.0,0.0,0.0,19200067
108,109,9997867,0,9998896,808484.0,9189381.0,2.0,0.0,0.0,0.0,0.0,3283.0,9995613.0,19200067
109,110,0,0,0,2.0,0.0,0.0,0.0,0.0,0.0,0.0,9995613.0,0.0,19200067
110,111,9998785,10006890,0,9998784.0,1.0,0.0,0.0,9201282.0,805608.0,0.0,0.0,0.0,19200067
111,112,0,0,10003030,0.0,0.0,0.0,0.0,805608.0,0.0,0.0,10931.0,9992099.0,19200067
112,113,0,0,0,0.0,0.0,0.0,0.0,0.0,0.0,0.0,0.0,9992099.0,19200067
113,114,0,0,0,0.0,0.0,0.0,0.0,0.0,0.0,0.0,0.0,9992099.0,19200067
114,115,0,0,0,0.0,0.0,0.0,0.0,0.0,0.0,0.0,0.0,9992099.0,19200067
115,116,9999772,0,0,0.0,0.0,9999772.0,0.0,0.0,0.0,0.0,0.0,9992099.0,19200067
116,117,0,10000860,0,0.0,9204071.0,795701.0,0.0,9995994.0,4866.0,0.0,0.0,9992099.0,19200067
117,118,10001655,0,10000403,0.0,2.0,10797354.0,4866.0,0.0,0.0,0.0,0.0,19992502.0,19200067
118,119,0,0,0,0.0,0.0,10797354.0,0.0,0.0,0.0,0.0,0.0,19992502.0,19200067
119,120,0,0,0,0.0,0.0,10797354.0,0.0,0.0,0.0,0.0,0.0,19992502.0,19200067
120,121,0,0,0,0.0,1.0,10797353.0,0.0,0.0,0.0,0.0,0.0,19992502.0,19200067
121,122,0,0,0,0.0,9999980.0,797373.0,0.0,0.0,0.0,0.0,0.0,19992502.0,19200067
122,123,0,10005380,10001279,0.0,1.0,797372.0,0.0,31826.0,9973554.0,0.0,0.0,29993781.0,19200067
123,124,0,0,0,0.0,797372.0,0.0,9973554.0,0.0,0.0,0.0,0.0,29993781.0,19200067
124,125,0,0,0,0.0,0.0,0.0,0.0,0.0,0.0,0.0,0.0,29993781.0,19200067
125,126,0,0,9999356,0.0,0.0,0.0,0.0,0.0,0.0,0.0,0.0,39993137.0,19200067
126,127,9995483,10005987,0,0.0,9180116.0,815367.0,20814.0,0.0,9985173.0,0.0,9999137.0,29994000.0,19200067
127,128,0,0,9999784,0.0,1.0,815366.0,0.0,0.0,9985173.0,0.0,0.0,39993784.0,19200067
128,129,0,0,0,0.0,0.0,815366.0,0.0,0.0,9985173.0,0.0,0.0,39993784.0,19200067
129,130,0,0,0,0.0,808484.0,6882.0,0.0,0.0,9985173.0,0.0,0.0,39993784.0,19200067
130,131,10001301,0,0,1.0,2.0,10008180.0,0.0,0.0,9985173.0,0.0,0.0,39993784.0,19200067
131,132,0,0,0,0.0,9998784.0,9396.0,0.0,0.0,9985173.0,0.0,0.0,39993784.0,19200067
132,133,0,0,10000667,0.0,0.0,9396.0,0.0,0.0,9985173.0,0.0,0.0,49994451.0,19200067
133,134,0,0,10000124,0.0,0.0,9396.0,0.0,0.0,9985173.0,0.0,0.0,59994575.0,19200067
134,135,9995525,0,9998310,0.0,0.0,10004921.0,0.0,0.0,9985173.0,0.0,0.0,69992885.0,19200067
135,136,0,0,0,0.0,0.0,10004921.0,0.0,0.0,9985173.0,0.0,0.0,69992885.0,19200067
136,137,0,0,0,0.0,0.0,10004921.0,9204262.0,0.0,780911.0,0.0,9995805.0,59997080.0,19200067
137,138,0,0,0,0.0,0.0,10004921.0,780911.0,0.0,0.0,0.0,0.0,59997080.0,19200067
138,139,9997542,0,0,0.0,0.0,20002463.0,0.0,0.0,0.0,0.0,0.0,59997080.0,19200067
139,140,0,0,0,0.0,0.0,20002463.0,0.0,0.0,0.0,0.0,0.0,59997080.0,19200067
140,141,0,0,0,10001076.0,0.0,10001387.0,0.0,0.0,0.0,0.0,0.0,59997080.0,19200067
141,142,0,0,0,10001065.0,0.0,322.0,0.0,0.0,0.0,0.0,0.0,59997080.0,19200067
142,143,0,10004166,0,0.0,0.0,322.0,10004166.0,0.0,0.0,0.0,0.0,59997080.0,19200067
143,144,0,0,0,0.0,0.0,322.0,0.0,0.0,0.0,0.0,0.0,59997080.0,19200067
144,145,0,0,10002255,0.0,0.0,322.0,0.0,0.0,0.0,0.0,0.0,69999335.0,19200067
145,146,0,10006367,10005091,0.0,0.0,322.0,9201493.0,4866.0,800008.0,0.0,0.0,80004426.0,19200067
146,147,9999792,0,0,10000113.0,0.0,1.0,800008.0,0.0,0.0,0.0,0.0,80004426.0,19200067
147,148,0,0,0,0.0,0.0,1.0,0.0,0.0,0.0,0.0,0.0,80004426.0,19200067
148,149,0,0,0,0.0,0.0,1.0,0.0,0.0,0.0,0.0,0.0,80004426.0,19200067
149,150,0,0,0,0.0,0.0,1.0,0.0,0.0,0.0,0.0,10002231.0,70002195.0,19200067
150,151,0,0,0,0.0,0.0,1.0,0.0,0.0,0.0,0.0,0.0,70002195.0,19200067
151,152,10000455,9994368,0,1881.0,1.0,9998574.0,0.0,9973554.0,20814.0,0.0,0.0,70002195.0,19200067
152,153,0,0,0,9998574.0,0.0,0.0,0.0,0.0,20814.0,0.0,0.0,70002195.0,19200067
153,154,0,0,0,0.0,0.0,0.0,0.0,0.0,20814.0,0.0,0.0,70002195.0,19200067
154,155,0,0,9994720,0.0,0.0,0.0,0.0,20814.0,0.0,0.0,10001656.0,69995259.0,19200067
155,156,0,0,0,0.0,0.0,0.0,0.0,0.0,0.0,0.0,0.0,69995259.0,19200067
156,157,0,0,0,0.0,0.0,0.0,0.0,0.0,0.0,0.0,0.0,69995259.0,19200067
157,158,0,0,0,0.0,0.0,0.0,0.0,0.0,0.0,0.0,0.0,69995259.0,19200067
158,159,10002155,0,0,10002155.0,0.0,0.0,0.0,0.0,0.0,0.0,0.0,69995259.0,19200067
159,160,0,0,0,0.0,0.0,0.0,0.0,0.0,0.0,0.0,0.0,69995259.0,19200067
160,161,0,0,0,0.0,0.0,0.0,0.0,0.0,0.0,0.0,0.0,69995259.0,19200067
161,162,10001077,0,9994161,0.0,10001076.0,1.0,0.0,0.0,0.0,0.0,0.0,79989420.0,19200067
162,163,10001065,0,0,0.0,10001065.0,1.0,0.0,0.0,0.0,0.0,0.0,79989420.0,19200067
163,164,0,0,0,0.0,0.0,1.0,0.0,0.0,0.0,0.0,0.0,79989420.0,19200067
164,165,0,9996552,0,0.0,0.0,1.0,0.0,9204262.0,792290.0,0.0,0.0,79989420.0,19200067
165,166,0,0,0,0.0,0.0,1.0,0.0,780911.0,11379.0,0.0,0.0,79989420.0,19200067
166,167,0,9992787,9996458,0.0,0.0,1.0,0.0,0.0,10004166.0,0.0,0.0,89985878.0,19200067
167,168,10001996,0,10000932,0.0,10000113.0,1884.0,0.0,0.0,10004166.0,0.0,0.0,99986810.0,19200067
168,169,0,0,0,0.0,0.0,1884.0,0.0,0.0,10004166.0,0.0,9999430.0,89987380.0,19200067
169,170,0,0,0,0.0,0.0,1884.0,0.0,0.0,10004166.0,0.0,0.0,89987380.0,19200067
170,171,0,0,0,0.0,0.0,1884.0,0.0,10004166.0,0.0,0.0,0.0,89987380.0,19200067
171,172,0,0,0,0.0,0.0,1884.0,0.0,0.0,0.0,0.0,0.0,89987380.0,19200067
172,173,0,0,0,0.0,1881.0,3.0,0.0,0.0,0.0,0.0,0.0,89987380.0,19200067
173,174,10003621,10001501,0,0.0,9998574.0,5050.0,0.0,9201493.0,800008.0,0.0,0.0,89987380.0,19200067
174,175,0,0,0,0.0,0.0,5050.0,0.0,800008.0,0.0,0.0,0.0,89987380.0,19200067
175,176,0,0,0,0.0,0.0,5050.0,0.0,0.0,0.0,0.0,0.0,89987380.0,19200067
176,177,9997108,0,0,0.0,0.0,10002158.0,0.0,0.0,0.0,0.0,0.0,89987380.0,19200067
177,178,0,0,0,0.0,0.0,10002158.0,0.0,0.0,0.0,0.0,0.0,89987380.0,19200067
178,179,0,0,0,0.0,0.0,10002158.0,0.0,0.0,0.0,0.0,0.0,89987380.0,19200067
179,180,0,0,9998646,0.0,10002155.0,3.0,0.0,0.0,0.0,0.0,0.0,99986026.0,19200067
