,instance,arrival_pfizer,arrival_moderna,arrival_astrazeneca,first_doses_Pfizer,second_doses_Pfizer,stock_values_Pfizer,first_doses_Moderna,second_doses_Moderna,stock_values_Moderna,first_doses_Astrazeneca,second_doses_Astrazeneca,stock_values_Astrazeneca,capacity
0,1,0,0,0,0.0,0.0,0.0,0.0,0.0,0.0,0.0,0.0,0.0,12300303
1,2,0,0,0,0.0,0.0,0.0,0.0,0.0,0.0,0.0,0.0,0.0,12300303
2,3,0,0,0,0.0,0.0,0.0,0.0,0.0,0.0,0.0,0.0,0.0,12300303
3,4,0,0,0,0.0,0.0,0.0,0.0,0.0,0.0,0.0,0.0,0.0,12300303
4,5,0,0,0,0.0,0.0,0.0,0.0,0.0,0.0,0.0,0.0,0.0,12300303
5,6,0,0,0,0.0,0.0,0.0,0.0,0.0,0.0,0.0,0.0,0.0,12300303
6,7,9999226,0,0,9999225.0,0.0,1.0,0.0,0.0,0.0,0.0,0.0,0.0,12300303
7,8,0,0,0,0.0,0.0,1.0,0.0,0.0,0.0,0.0,0.0,0.0,12300303
8,9,9997524,10002663,0,2297640.0,0.0,7699885.0,10002663.0,0.0,0.0,0.0,0.0,0.0,12300303
9,10,0,10000398,9999282,7699884.0,0.0,1.0,4600418.0,0.0,5399980.0,0.0,0.0,9999282.0,12300303
10,11,10000822,0,0,5008263.0,0.0,4992560.0,0.0,0.0,5399980.0,0.0,0.0,9999282.0,12300303
11,12,0,9999990,0,0.0,0.0,4992560.0,12300302.0,0.0,3099668.0,0.0,0.0,9999282.0,12300303
12,13,10002563,9999450,0,1.0,0.0,14995122.0,12300302.0,0.0,798816.0,0.0,0.0,9999282.0,12300303
13,14,0,0,0,0.0,0.0,14995122.0,797080.0,0.0,1736.0,0.0,0.0,9999282.0,12300303
14,15,0,0,0,2.0,0.0,14995120.0,1.0,0.0,1735.0,0.0,0.0,9999282.0,12300303
15,16,0,0,10001171,0.0,0.0,14995120.0,0.0,0.0,1735.0,0.0,0.0,20000453.0,12300303
16,17,0,0,0,0.0,0.0,14995120.0,0.0,0.0,1735.0,0.0,0.0,20000453.0,12300303
17,18,0,0,0,0.0,0.0,14995120.0,0.0,0.0,1735.0,0.0,0.0,20000453.0,12300303
18,19,0,10002588,0,0.0,0.0,14995120.0,0.0,0.0,10004323.0,0.0,0.0,20000453.0,12300303
19,20,0,0,0,1.0,0.0,14995119.0,10003072.0,0.0,1251.0,0.0,0.0,20000453.0,12300303
20,21,0,0,0,9995769.0,0.0,4999350.0,0.0,0.0,1251.0,0.0,0.0,20000453.0,12300303
21,22,0,0,0,0.0,0.0,4999350.0,0.0,0.0,1251.0,0.0,0.0,20000453.0,12300303
22,23,0,0,0,0.0,0.0,4999350.0,0.0,0.0,1251.0,0.0,0.0,20000453.0,12300303
23,24,0,0,0,4999350.0,0.0,0.0,0.0,0.0,1251.0,0.0,0.0,20000453.0,12300303
24,25,0,0,0,0.0,0.0,0.0,0.0,0.0,1251.0,0.0,0.0,20000453.0,12300303
25,26,0,0,0,0.0,0.0,0.0,0.0,0.0,1251.0,0.0,0.0,20000453.0,12300303
26,27,0,0,0,0.0,0.0,0.0,0.0,0.0,1251.0,9997737.0,0.0,10002716.0,12300303
27,28,10000230,0,9996964,1004.0,9999225.0,1.0,0.0,0.0,1251.0,0.0,0.0,19999680.0,12300303
28,29,10003612,0,0,5000966.0,0.0,5002647.0,0.0,0.0,1251.0,0.0,0.0,19999680.0,12300303
29,30,10003144,0,0,0.0,2297640.0,12708151.0,0.0,0.0,1251.0,0.0,0.0,19999680.0,12300303
30,31,0,0,0,0.0,7699884.0,5008267.0,0.0,0.0,1251.0,0.0,0.0,19999680.0,12300303
31,32,0,10001999,10005029,0.0,5008263.0,4.0,1.0,0.0,10003249.0,0.0,0.0,30004709.0,12300303
32,33,0,0,0,0.0,0.0,4.0,0.0,0.0,10003249.0,0.0,0.0,30004709.0,12300303
33,34,0,0,0,0.0,1.0,3.0,0.0,0.0,10003249.0,0.0,0.0,30004709.0,12300303
34,35,0,0,0,1.0,0.0,2.0,0.0,0.0,10003249.0,0.0,0.0,30004709.0,12300303
35,36,0,0,0,0.0,2.0,0.0,0.0,0.0,10003249.0,9998253.0,0.0,20006456.0,12300303
36,37,0,0,0,0.0,0.0,0.0,0.0,10002663.0,586.0,0.0,0.0,20006456.0,12300303
37,38,0,10001773,0,0.0,0.0,0.0,0.0,4600418.0,5401941.0,7699884.0,0.0,12306572.0,12300303
38,39,0,0,0,0.0,0.0,0.0,0.0,0.0,5401941.0,12300303.0,0.0,6269.0,12300303
39,40,0,9994886,0,0.0,0.0,0.0,1.0,12300302.0,3096524.0,0.0,0.0,6269.0,12300303
40,41,9995770,10000859,0,0.0,1.0,9995769.0,0.0,12300302.0,797081.0,0.0,0.0,6269.0,12300303
41,42,0,0,0,0.0,9995769.0,0.0,0.0,797080.0,1.0,5020.0,0.0,1249.0,12300303
42,43,0,0,0,0.0,0.0,0.0,0.0,1.0,0.0,1249.0,0.0,0.0,12300303
43,44,0,0,0,0.0,0.0,0.0,0.0,0.0,0.0,0.0,0.0,0.0,12300303
44,45,9994268,0,0,0.0,4999350.0,4994918.0,0.0,0.0,0.0,0.0,0.0,0.0,12300303
45,46,0,0,0,0.0,0.0,4994918.0,0.0,0.0,0.0,0.0,0.0,0.0,12300303
46,47,0,0,0,0.0,0.0,4994918.0,0.0,0.0,0.0,0.0,0.0,0.0,12300303
47,48,0,10003073,0,0.0,0.0,4994918.0,0.0,10003072.0,1.0,0.0,0.0,0.0,12300303
48,49,0,0,0,0.0,1004.0,4993914.0,0.0,0.0,1.0,0.0,0.0,0.0,12300303
49,50,10001460,0,0,2.0,5000966.0,9994406.0,0.0,0.0,1.0,0.0,0.0,0.0,12300303
50,51,0,0,0,0.0,0.0,9994406.0,0.0,0.0,1.0,0.0,0.0,0.0,12300303
51,52,0,0,0,7692998.0,0.0,2301408.0,0.0,0.0,1.0,0.0,0.0,0.0,12300303
52,53,0,0,9996940,0.0,0.0,2301408.0,0.0,0.0,1.0,9996940.0,0.0,0.0,12300303
53,54,0,0,0,0.0,0.0,2301408.0,0.0,0.0,1.0,0.0,0.0,0.0,12300303
54,55,0,0,0,3.0,0.0,2301405.0,0.0,0.0,1.0,0.0,0.0,0.0,12300303
55,56,9999487,0,0,1.0,1.0,12300890.0,0.0,0.0,1.0,0.0,0.0,0.0,12300303
56,57,0,0,0,0.0,0.0,12300890.0,0.0,0.0,1.0,0.0,0.0,0.0,12300303
57,58,0,0,0,2299259.0,0.0,10001631.0,0.0,0.0,1.0,0.0,0.0,0.0,12300303
58,59,0,0,0,0.0,0.0,10001631.0,0.0,0.0,1.0,0.0,0.0,0.0,12300303
59,60,0,0,0,2.0,0.0,10001629.0,0.0,1.0,0.0,0.0,0.0,0.0,12300303
60,61,0,0,0,2297438.0,0.0,7704191.0,0.0,0.0,0.0,0.0,0.0,0.0,12300303
61,62,0,0,0,2.0,0.0,7704189.0,0.0,0.0,0.0,0.0,0.0,0.0,12300303
62,63,0,0,0,7704189.0,0.0,0.0,0.0,0.0,0.0,0.0,0.0,0.0,12300303
63,64,0,0,9997696,0.0,0.0,0.0,0.0,0.0,0.0,9997696.0,0.0,0.0,12300303
64,65,0,0,0,0.0,0.0,0.0,0.0,0.0,0.0,0.0,0.0,0.0,12300303
65,66,0,0,0,0.0,0.0,0.0,0.0,0.0,0.0,0.0,0.0,0.0,12300303
66,67,0,10005595,0,0.0,0.0,0.0,4063.0,0.0,10001532.0,0.0,0.0,0.0,12300303
67,68,0,0,0,0.0,0.0,0.0,0.0,1.0,10001531.0,0.0,0.0,0.0,12300303
68,69,0,0,0,0.0,0.0,0.0,0.0,0.0,10001531.0,0.0,0.0,0.0,12300303
69,70,0,0,10000758,0.0,0.0,0.0,0.0,0.0,10001531.0,10000758.0,0.0,0.0,12300303
70,71,9995884,0,0,9995877.0,2.0,5.0,0.0,0.0,10001531.0,0.0,0.0,0.0,12300303
71,72,0,0,0,2.0,0.0,3.0,0.0,0.0,10001531.0,0.0,0.0,0.0,12300303
72,73,9997025,0,0,2304026.0,7692998.0,4.0,0.0,0.0,10001531.0,0.0,0.0,0.0,12300303
73,74,0,0,0,3.0,0.0,1.0,0.0,0.0,10001531.0,0.0,0.0,0.0,12300303
74,75,0,0,0,0.0,0.0,1.0,9994776.0,0.0,6755.0,0.0,0.0,0.0,12300303
75,76,10001967,0,0,10001964.0,3.0,1.0,0.0,0.0,6755.0,0.0,0.0,0.0,12300303
76,77,0,0,0,0.0,1.0,0.0,0.0,0.0,6755.0,0.0,0.0,0.0,12300303
77,78,0,0,0,0.0,0.0,0.0,0.0,0.0,6755.0,0.0,0.0,0.0,12300303
78,79,10000999,0,0,7701738.0,2299259.0,2.0,0.0,0.0,6755.0,0.0,0.0,0.0,12300303
79,80,0,0,0,0.0,0.0,2.0,0.0,0.0,6755.0,0.0,0.0,0.0,12300303
80,81,0,0,9997965,0.0,2.0,0.0,2692.0,0.0,4063.0,2300625.0,0.0,7697340.0,12300303
81,82,9998066,0,0,2305522.0,2297438.0,5395106.0,0.0,0.0,4063.0,7697340.0,0.0,0.0,12300303
82,83,0,0,0,5395102.0,2.0,2.0,0.0,0.0,4063.0,0.0,0.0,0.0,12300303
83,84,10006757,0,0,2302566.0,7704189.0,4.0,0.0,0.0,4063.0,0.0,0.0,0.0,12300303
84,85,0,0,0,2.0,0.0,2.0,0.0,0.0,4063.0,0.0,0.0,0.0,12300303
85,86,10002187,0,10008007,1.0,0.0,10002188.0,0.0,0.0,4063.0,10008007.0,0.0,0.0,12300303
86,87,0,0,0,1.0,0.0,10002187.0,0.0,0.0,4063.0,0.0,0.0,0.0,12300303
87,88,9996305,0,0,0.0,0.0,19998492.0,0.0,0.0,4063.0,0.0,0.0,0.0,12300303
88,89,0,0,0,0.0,0.0,19998492.0,0.0,0.0,4063.0,0.0,0.0,0.0,12300303
89,90,10001744,0,0,0.0,0.0,30000236.0,0.0,0.0,4063.0,0.0,0.0,0.0,12300303
90,91,0,0,0,0.0,0.0,30000236.0,0.0,0.0,4063.0,0.0,0.0,0.0,12300303
91,92,0,0,0,0.0,9995877.0,20004359.0,0.0,0.0,4063.0,0.0,0.0,0.0,12300303
92,93,0,0,9995146,0.0,2.0,20004357.0,0.0,0.0,4063.0,9995146.0,0.0,0.0,12300303
93,94,10006571,0,9996277,0.0,2304026.0,27706902.0,0.0,0.0,4063.0,9996277.0,0.0,0.0,12300303
94,95,0,0,0,0.0,3.0,27706899.0,0.0,4063.0,0.0,0.0,0.0,0.0,12300303
95,96,0,0,0,0.0,0.0,27706899.0,0.0,0.0,0.0,0.0,0.0,0.0,12300303
96,97,0,0,0,0.0,10001964.0,17704935.0,0.0,0.0,0.0,0.0,0.0,0.0,12300303
97,98,0,0,0,0.0,0.0,17704935.0,0.0,0.0,0.0,0.0,0.0,0.0,12300303
98,99,0,0,10003136,0.0,0.0,17704935.0,0.0,0.0,0.0,10003136.0,0.0,0.0,12300303
99,100,0,0,0,0.0,7701738.0,10003197.0,0.0,0.0,0.0,0.0,0.0,0.0,12300303
100,101,0,0,0,0.0,0.0,10003197.0,0.0,0.0,0.0,0.0,0.0,0.0,12300303
101,102,0,0,0,0.0,0.0,10003197.0,0.0,0.0,0.0,0.0,0.0,0.0,12300303
102,103,0,9994777,0,0.0,2305522.0,7697675.0,1.0,9994776.0,0.0,0.0,0.0,0.0,12300303
103,104,0,0,0,0.0,5395102.0,2302573.0,0.0,0.0,0.0,0.0,0.0,0.0,12300303
104,105,0,0,9997737,0.0,2302566.0,7.0,0.0,0.0,0.0,0.0,9997737.0,0.0,12300303
105,106,0,0,0,0.0,2.0,5.0,0.0,0.0,0.0,0.0,0.0,0.0,12300303
106,107,0,0,0,0.0,1.0,4.0,0.0,0.0,0.0,0.0,0.0,0.0,12300303
107,108,0,0,0,0.0,1.0,3.0,0.0,0.0,0.0,0.0,0.0,0.0,12300303
108,109,0,10000335,0,0.0,0.0,3.0,9997642.0,2692.0,1.0,0.0,0.0,0.0,12300303
109,110,0,10001419,0,0.0,0.0,3.0,10001419.0,0.0,1.0,0.0,0.0,0.0,12300303
110,111,0,9998860,0,0.0,0.0,3.0,3110337.0,0.0,6888524.0,0.0,0.0,0.0,12300303
111,112,0,0,0,3.0,0.0,0.0,6888523.0,0.0,1.0,0.0,0.0,0.0,12300303
112,113,0,0,0,0.0,0.0,0.0,0.0,0.0,1.0,0.0,0.0,0.0,12300303
113,114,0,0,9998253,0.0,0.0,0.0,0.0,0.0,1.0,0.0,9998253.0,0.0,12300303
114,115,0,0,0,0.0,0.0,0.0,0.0,0.0,1.0,0.0,0.0,0.0,12300303
115,116,0,0,10003900,0.0,0.0,0.0,0.0,0.0,1.0,0.0,7699884.0,2304016.0,12300303
116,117,0,0,10001307,0.0,0.0,0.0,0.0,0.0,1.0,0.0,12300303.0,5020.0,12300303
117,118,0,0,0,0.0,0.0,0.0,1.0,0.0,0.0,0.0,0.0,5020.0,12300303
118,119,0,0,0,0.0,0.0,0.0,0.0,0.0,0.0,0.0,0.0,5020.0,12300303
119,120,0,0,0,0.0,0.0,0.0,0.0,0.0,0.0,0.0,5020.0,0.0,12300303
120,121,0,0,9999074,0.0,0.0,0.0,0.0,0.0,0.0,0.0,1249.0,9997825.0,12300303
121,122,9998996,0,0,7701600.0,0.0,2297396.0,0.0,0.0,0.0,0.0,0.0,9997825.0,12300303
122,123,0,0,0,0.0,0.0,2297396.0,0.0,0.0,0.0,0.0,0.0,9997825.0,12300303
123,124,0,0,0,1.0,0.0,2297395.0,0.0,0.0,0.0,0.0,0.0,9997825.0,12300303
124,125,0,0,9999261,2297395.0,0.0,0.0,0.0,0.0,0.0,0.0,0.0,19997086.0,12300303
125,126,0,0,0,0.0,0.0,0.0,0.0,0.0,0.0,0.0,0.0,19997086.0,12300303
126,127,0,0,0,0.0,0.0,0.0,0.0,0.0,0.0,0.0,0.0,19997086.0,12300303
127,128,0,10004628,0,0.0,0.0,0.0,0.0,0.0,10004628.0,0.0,0.0,19997086.0,12300303
128,129,0,0,0,0.0,0.0,0.0,0.0,0.0,10004628.0,0.0,0.0,19997086.0,12300303
129,130,0,0,0,0.0,0.0,0.0,0.0,0.0,10004628.0,0.0,0.0,19997086.0,12300303
130,131,0,0,0,0.0,0.0,0.0,0.0,1.0,10004627.0,0.0,9996940.0,10000146.0,12300303
131,132,0,0,9997398,0.0,0.0,0.0,0.0,0.0,10004627.0,0.0,0.0,19997544.0,12300303
132,133,9998750,9995393,0,9998747.0,3.0,0.0,0.0,0.0,20000020.0,0.0,0.0,19997544.0,12300303
133,134,0,0,10002239,0.0,0.0,0.0,0.0,0.0,20000020.0,0.0,0.0,29999783.0,12300303
134,135,0,0,0,0.0,0.0,0.0,0.0,0.0,20000020.0,0.0,0.0,29999783.0,12300303
135,136,9999141,0,0,2554.0,0.0,9996587.0,0.0,0.0,20000020.0,0.0,0.0,29999783.0,12300303
136,137,0,0,0,0.0,0.0,9996587.0,0.0,9997642.0,10002378.0,0.0,0.0,29999783.0,12300303
137,138,0,10004429,0,2.0,0.0,9996585.0,0.0,10001419.0,10005388.0,0.0,0.0,29999783.0,12300303
138,139,0,0,0,2690.0,0.0,9993895.0,6895051.0,3110337.0,0.0,0.0,0.0,29999783.0,12300303
139,140,0,10000199,10000401,0.0,0.0,9993895.0,3106480.0,6888523.0,5196.0,0.0,0.0,40000184.0,12300303
140,141,0,10000295,0,0.0,0.0,9993895.0,0.0,0.0,10005491.0,0.0,0.0,40000184.0,12300303
141,142,0,0,9999614,1.0,0.0,9993894.0,0.0,0.0,10005491.0,0.0,9997696.0,40002102.0,12300303
142,143,0,0,0,2292294.0,7701600.0,0.0,0.0,0.0,10005491.0,0.0,0.0,40002102.0,12300303
143,144,10004704,0,0,10004704.0,0.0,0.0,0.0,0.0,10005491.0,0.0,0.0,40002102.0,12300303
144,145,10001744,9999993,0,2297582.0,1.0,7704161.0,10002720.0,0.0,10002764.0,0.0,0.0,40002102.0,12300303
145,146,0,0,0,5405251.0,2297395.0,1515.0,0.0,1.0,10002763.0,0.0,0.0,40002102.0,12300303
146,147,0,0,9998460,0.0,0.0,1515.0,0.0,0.0,10002763.0,0.0,0.0,50000562.0,12300303
147,148,0,0,0,0.0,0.0,1515.0,0.0,0.0,10002763.0,0.0,10000758.0,39999804.0,12300303
148,149,0,0,0,0.0,0.0,1515.0,0.0,0.0,10002763.0,0.0,0.0,39999804.0,12300303
149,150,0,0,0,0.0,0.0,1515.0,0.0,0.0,10002763.0,0.0,0.0,39999804.0,12300303
150,151,9999789,0,0,0.0,0.0,10001304.0,10002763.0,0.0,0.0,0.0,0.0,39999804.0,12300303
151,152,0,0,0,0.0,0.0,10001304.0,0.0,0.0,0.0,0.0,0.0,39999804.0,12300303
152,153,0,0,0,0.0,0.0,10001304.0,0.0,0.0,0.0,0.0,0.0,39999804.0,12300303
153,154,0,0,0,0.0,9998747.0,2557.0,0.0,0.0,0.0,0.0,0.0,39999804.0,12300303
154,155,0,0,0,0.0,0.0,2557.0,0.0,0.0,0.0,0.0,0.0,39999804.0,12300303
155,156,0,0,0,0.0,0.0,2557.0,0.0,0.0,0.0,0.0,0.0,39999804.0,12300303
156,157,0,0,0,0.0,2554.0,3.0,0.0,0.0,0.0,0.0,0.0,39999804.0,12300303
157,158,0,0,0,3.0,0.0,0.0,0.0,0.0,0.0,0.0,0.0,39999804.0,12300303
158,159,10002369,0,0,9999676.0,2.0,2691.0,0.0,0.0,0.0,0.0,2300625.0,37699179.0,12300303
159,160,0,0,0,0.0,2690.0,1.0,0.0,0.0,0.0,0.0,7697340.0,30001839.0,12300303
160,161,0,0,0,0.0,0.0,1.0,0.0,0.0,0.0,0.0,0.0,30001839.0,12300303
161,162,0,0,0,0.0,0.0,1.0,0.0,0.0,0.0,0.0,0.0,30001839.0,12300303
162,163,0,0,0,0.0,1.0,0.0,0.0,0.0,0.0,0.0,0.0,30001839.0,12300303
163,164,9999424,0,0,0.0,2292294.0,7707130.0,0.0,0.0,0.0,0.0,10008007.0,19993832.0,12300303
164,165,10000410,0,0,0.0,10004704.0,7702836.0,0.0,0.0,0.0,0.0,0.0,19993832.0,12300303
165,166,0,0,0,0.0,2297582.0,5405254.0,0.0,0.0,0.0,0.0,0.0,19993832.0,12300303
166,167,0,10001531,0,0.0,5405251.0,3.0,0.0,6895051.0,3106480.0,0.0,0.0,19993832.0,12300303
167,168,0,0,0,0.0,0.0,3.0,0.0,3106480.0,0.0,0.0,0.0,19993832.0,12300303
168,169,0,0,9994849,0.0,0.0,3.0,0.0,0.0,0.0,0.0,0.0,29988681.0,12300303
169,170,0,0,0,0.0,0.0,3.0,0.0,0.0,0.0,0.0,0.0,29988681.0,12300303
170,171,0,0,9999782,0.0,0.0,3.0,0.0,0.0,0.0,0.0,9995146.0,29993317.0,12300303
171,172,0,0,0,0.0,0.0,3.0,0.0,0.0,0.0,0.0,9996277.0,19997040.0,12300303
172,173,0,10002720,0,0.0,0.0,3.0,0.0,10002720.0,0.0,0.0,0.0,19997040.0,12300303
173,174,0,0,0,0.0,0.0,3.0,0.0,0.0,0.0,0.0,0.0,19997040.0,12300303
174,175,0,0,0,0.0,0.0,3.0,0.0,0.0,0.0,0.0,0.0,19997040.0,12300303
175,176,0,0,10000871,0.0,0.0,3.0,0.0,0.0,0.0,0.0,0.0,29997911.0,12300303
176,177,0,0,0,0.0,0.0,3.0,0.0,0.0,0.0,0.0,10003136.0,19994775.0,12300303
177,178,0,0,0,0.0,0.0,3.0,0.0,0.0,0.0,0.0,0.0,19994775.0,12300303
178,179,9999678,10002765,0,0.0,3.0,9999678.0,0.0,10002763.0,2.0,0.0,0.0,19994775.0,12300303
179,180,0,0,9997514,0.0,9999676.0,2.0,0.0,0.0,2.0,0.0,0.0,29992289.0,12300303
