,instance,arrival_pfizer,arrival_moderna,arrival_astrazeneca,first_doses_Pfizer,second_doses_Pfizer,stock_values_Pfizer,first_doses_Moderna,second_doses_Moderna,stock_values_Moderna,first_doses_Astrazeneca,second_doses_Astrazeneca,stock_values_Astrazeneca,capacity
0,1,0,0,0,0.0,0.0,0.0,0.0,0.0,0.0,0.0,0.0,0.0,26583309
1,2,10001341,0,0,10001341.0,0.0,0.0,0.0,0.0,0.0,0.0,0.0,0.0,26583309
2,3,0,0,0,0.0,0.0,0.0,0.0,0.0,0.0,0.0,0.0,0.0,26583309
3,4,0,0,0,0.0,0.0,0.0,0.0,0.0,0.0,0.0,0.0,0.0,26583309
4,5,0,0,0,0.0,0.0,0.0,0.0,0.0,0.0,0.0,0.0,0.0,26583309
5,6,0,0,0,0.0,0.0,0.0,0.0,0.0,0.0,0.0,0.0,0.0,26583309
6,7,0,0,0,0.0,0.0,0.0,0.0,0.0,0.0,0.0,0.0,0.0,26583309
7,8,10005530,0,0,5005236.0,0.0,5000294.0,0.0,0.0,0.0,0.0,0.0,0.0,26583309
8,9,0,0,0,0.0,0.0,5000294.0,0.0,0.0,0.0,0.0,0.0,0.0,26583309
9,10,0,0,0,0.0,0.0,5000294.0,0.0,0.0,0.0,0.0,0.0,0.0,26583309
10,11,0,10000931,0,0.0,0.0,5000294.0,10000928.0,0.0,3.0,0.0,0.0,0.0,26583309
11,12,0,0,9997730,0.0,0.0,5000294.0,0.0,0.0,3.0,9997727.0,0.0,3.0,26583309
12,13,10000549,0,9997997,9997015.0,0.0,5003828.0,0.0,0.0,3.0,9997997.0,0.0,3.0,26583309
13,14,0,0,10002422,0.0,0.0,5003828.0,1.0,0.0,2.0,0.0,0.0,10002425.0,26583309
14,15,0,0,9998467,0.0,0.0,5003828.0,0.0,0.0,2.0,4994572.0,0.0,15006320.0,26583309
15,16,10002749,0,0,0.0,0.0,15006577.0,1.0,0.0,1.0,0.0,0.0,15006320.0,26583309
16,17,0,10005113,0,0.0,0.0,15006577.0,10003126.0,0.0,1988.0,0.0,0.0,15006320.0,26583309
17,18,0,0,0,0.0,0.0,15006577.0,0.0,0.0,1988.0,0.0,0.0,15006320.0,26583309
18,19,0,9998514,0,0.0,0.0,15006577.0,2.0,0.0,10000500.0,0.0,0.0,15006320.0,26583309
19,20,0,0,0,0.0,0.0,15006577.0,1.0,0.0,10000499.0,0.0,0.0,15006320.0,26583309
20,21,0,0,0,0.0,0.0,15006577.0,0.0,0.0,10000499.0,1.0,0.0,15006319.0,26583309
21,22,0,9999084,0,0.0,0.0,15006577.0,9997430.0,0.0,10002153.0,0.0,0.0,15006319.0,26583309
22,23,0,0,0,0.0,10001341.0,5005236.0,0.0,0.0,10002153.0,0.0,0.0,15006319.0,26583309
23,24,0,0,0,0.0,0.0,5005236.0,0.0,0.0,10002153.0,0.0,0.0,15006319.0,26583309
24,25,0,0,0,0.0,0.0,5005236.0,9997881.0,0.0,4272.0,10005976.0,0.0,5000343.0,26583309
25,26,0,0,0,0.0,0.0,5005236.0,0.0,0.0,4272.0,0.0,0.0,5000343.0,26583309
26,27,0,0,0,0.0,0.0,5005236.0,4268.0,0.0,4.0,0.0,0.0,5000343.0,26583309
27,28,0,0,0,0.0,0.0,5005236.0,0.0,0.0,4.0,0.0,0.0,5000343.0,26583309
28,29,0,0,0,0.0,5005236.0,0.0,0.0,0.0,4.0,5000343.0,0.0,0.0,26583309
29,30,0,10000450,0,0.0,0.0,0.0,2.0,0.0,10000452.0,0.0,0.0,0.0,26583309
30,31,0,0,0,0.0,0.0,0.0,1.0,0.0,10000451.0,0.0,0.0,0.0,26583309
31,32,0,0,0,0.0,0.0,0.0,0.0,0.0,10000451.0,0.0,0.0,0.0,26583309
32,33,0,0,0,0.0,0.0,0.0,0.0,0.0,10000451.0,0.0,0.0,0.0,26583309
33,34,9997015,0,0,0.0,9997015.0,0.0,0.0,0.0,10000451.0,0.0,0.0,0.0,26583309
34,35,0,0,0,0.0,0.0,0.0,0.0,0.0,10000451.0,0.0,0.0,0.0,26583309
35,36,0,10003673,0,0.0,0.0,0.0,1.0,0.0,20004123.0,0.0,0.0,0.0,26583309
36,37,0,0,0,0.0,0.0,0.0,1.0,0.0,20004122.0,0.0,0.0,0.0,26583309
37,38,0,0,0,0.0,0.0,0.0,9997248.0,0.0,10006874.0,0.0,0.0,0.0,26583309
38,39,0,9999916,10000749,0.0,0.0,0.0,3.0,10000928.0,10005859.0,10000748.0,0.0,1.0,26583309
39,40,0,0,0,0.0,0.0,0.0,0.0,0.0,10005859.0,0.0,0.0,1.0,26583309
40,41,0,0,0,0.0,0.0,0.0,0.0,0.0,10005859.0,0.0,0.0,1.0,26583309
41,42,0,9998532,0,0.0,0.0,0.0,10001260.0,1.0,10003130.0,0.0,0.0,1.0,26583309
42,43,0,0,0,0.0,0.0,0.0,0.0,0.0,10003130.0,0.0,0.0,1.0,26583309
43,44,0,0,0,0.0,0.0,0.0,0.0,1.0,10003129.0,0.0,0.0,1.0,26583309
44,45,0,0,0,0.0,0.0,0.0,0.0,10003126.0,3.0,0.0,0.0,1.0,26583309
45,46,0,0,0,0.0,0.0,0.0,0.0,0.0,3.0,0.0,0.0,1.0,26583309
46,47,0,0,0,0.0,0.0,0.0,0.0,2.0,1.0,0.0,0.0,1.0,26583309
47,48,10001744,0,10000510,0.0,0.0,10001744.0,0.0,1.0,0.0,10000509.0,0.0,2.0,26583309
48,49,0,0,0,0.0,0.0,10001744.0,0.0,0.0,0.0,0.0,0.0,2.0,26583309
49,50,0,9997434,0,0.0,0.0,10001744.0,3.0,9997430.0,1.0,0.0,0.0,2.0,26583309
50,51,0,0,0,0.0,0.0,10001744.0,1.0,0.0,0.0,0.0,0.0,2.0,26583309
51,52,0,0,9998606,0.0,0.0,10001744.0,0.0,0.0,0.0,9998608.0,0.0,0.0,26583309
52,53,0,9997882,0,0.0,0.0,10001744.0,0.0,9997881.0,1.0,0.0,0.0,0.0,26583309
53,54,0,0,0,0.0,0.0,10001744.0,0.0,0.0,1.0,0.0,0.0,0.0,26583309
54,55,0,9993986,0,0.0,0.0,10001744.0,2134.0,4268.0,9987585.0,0.0,0.0,0.0,26583309
55,56,0,0,0,0.0,0.0,10001744.0,0.0,0.0,9987585.0,0.0,0.0,0.0,26583309
56,57,0,0,0,0.0,0.0,10001744.0,9987580.0,0.0,5.0,0.0,0.0,0.0,26583309
57,58,0,0,0,9994008.0,0.0,7736.0,0.0,2.0,3.0,0.0,0.0,0.0,26583309
58,59,0,0,0,0.0,0.0,7736.0,0.0,1.0,2.0,0.0,0.0,0.0,26583309
59,60,0,0,0,0.0,0.0,7736.0,0.0,0.0,2.0,0.0,0.0,0.0,26583309
60,61,0,0,10002551,0.0,0.0,7736.0,0.0,0.0,2.0,6581954.0,0.0,3420597.0,26583309
61,62,0,0,9999814,0.0,0.0,7736.0,0.0,0.0,2.0,13420410.0,0.0,1.0,26583309
62,63,0,0,0,0.0,0.0,7736.0,0.0,0.0,2.0,0.0,0.0,1.0,26583309
63,64,0,0,0,0.0,0.0,7736.0,0.0,1.0,1.0,0.0,0.0,1.0,26583309
64,65,9999315,0,0,10005091.0,0.0,1960.0,0.0,1.0,0.0,0.0,0.0,1.0,26583309
65,66,0,9999456,0,0.0,0.0,1960.0,2205.0,9997248.0,3.0,0.0,0.0,1.0,26583309
66,67,0,0,0,1960.0,0.0,0.0,0.0,3.0,0.0,0.0,0.0,1.0,26583309
67,68,0,0,0,0.0,0.0,0.0,0.0,0.0,0.0,0.0,0.0,1.0,26583309
68,69,0,0,0,0.0,0.0,0.0,0.0,0.0,0.0,0.0,0.0,1.0,26583309
69,70,0,10001263,10005269,0.0,0.0,0.0,0.0,10001260.0,3.0,5007839.0,0.0,4997431.0,26583309
70,71,0,0,0,0.0,0.0,0.0,0.0,0.0,3.0,0.0,0.0,4997431.0,26583309
71,72,0,0,9990481,0.0,0.0,0.0,0.0,0.0,3.0,1.0,0.0,14987911.0,26583309
72,73,0,0,0,0.0,0.0,0.0,0.0,0.0,3.0,0.0,0.0,14987911.0,26583309
73,74,0,0,0,0.0,0.0,0.0,0.0,0.0,3.0,0.0,0.0,14987911.0,26583309
74,75,0,0,0,0.0,0.0,0.0,0.0,0.0,3.0,0.0,0.0,14987911.0,26583309
75,76,0,10000789,0,0.0,0.0,0.0,9998654.0,0.0,2138.0,0.0,0.0,14987911.0,26583309
76,77,0,0,0,0.0,0.0,0.0,0.0,0.0,2138.0,0.0,0.0,14987911.0,26583309
77,78,0,0,0,0.0,0.0,0.0,0.0,3.0,2135.0,0.0,0.0,14987911.0,26583309
78,79,9995928,0,0,1920.0,9994008.0,0.0,0.0,1.0,2134.0,0.0,0.0,14987911.0,26583309
79,80,0,0,0,0.0,0.0,0.0,0.0,0.0,2134.0,9996284.0,0.0,4991627.0,26583309
80,81,0,0,0,0.0,0.0,0.0,0.0,0.0,2134.0,4991627.0,0.0,0.0,26583309
81,82,0,0,0,0.0,0.0,0.0,0.0,0.0,2134.0,0.0,0.0,0.0,26583309
82,83,0,0,0,0.0,0.0,0.0,0.0,2134.0,0.0,0.0,0.0,0.0,26583309
83,84,0,0,0,0.0,0.0,0.0,0.0,0.0,0.0,0.0,0.0,0.0,26583309
84,85,0,9994676,0,0.0,0.0,0.0,1.0,9987580.0,7095.0,0.0,0.0,0.0,26583309
85,86,10005091,0,9996790,0.0,10005091.0,0.0,0.0,0.0,7095.0,5013632.0,0.0,4983158.0,26583309
86,87,0,0,10000331,0.0,0.0,0.0,1.0,0.0,7094.0,9994816.0,0.0,4988673.0,26583309
87,88,9999882,0,10000430,0.0,1960.0,9997922.0,0.0,0.0,7094.0,1.0,0.0,14989102.0,26583309
88,89,0,0,0,0.0,0.0,9997922.0,0.0,0.0,7094.0,0.0,0.0,14989102.0,26583309
89,90,10002595,9996248,0,0.0,0.0,20000517.0,0.0,0.0,10003342.0,0.0,9997727.0,4991375.0,26583309
90,91,0,0,10005981,0.0,0.0,20000517.0,0.0,0.0,10003342.0,0.0,9997997.0,4999359.0,26583309
91,92,0,0,0,0.0,0.0,20000517.0,0.0,0.0,10003342.0,4999358.0,0.0,1.0,26583309
92,93,9997699,0,9997751,0.0,0.0,29998216.0,10001129.0,0.0,2213.0,5003180.0,4994572.0,0.0,26583309
93,94,0,0,0,0.0,0.0,29998216.0,0.0,2205.0,8.0,0.0,0.0,0.0,26583309
94,95,10001154,0,0,0.0,0.0,39999370.0,1.0,0.0,7.0,0.0,0.0,0.0,26583309
95,96,0,0,0,0.0,0.0,39999370.0,1.0,0.0,6.0,0.0,0.0,0.0,26583309
96,97,0,0,0,0.0,0.0,39999370.0,2.0,0.0,4.0,0.0,0.0,0.0,26583309
97,98,0,0,0,0.0,0.0,39999370.0,0.0,0.0,4.0,0.0,0.0,0.0,26583309
98,99,0,0,10001308,0.0,0.0,39999370.0,1.0,0.0,3.0,10001307.0,1.0,0.0,26583309
99,100,0,0,0,0.0,1920.0,39997450.0,1.0,0.0,2.0,0.0,0.0,0.0,26583309
100,101,0,0,0,0.0,0.0,39997450.0,0.0,0.0,2.0,0.0,0.0,0.0,26583309
101,102,0,0,0,0.0,0.0,39997450.0,0.0,0.0,2.0,0.0,0.0,0.0,26583309
102,103,0,9998657,10005977,0.0,0.0,39997450.0,0.0,0.0,9998659.0,0.0,10005976.0,1.0,26583309
103,104,0,0,0,0.0,0.0,39997450.0,0.0,9998654.0,5.0,0.0,0.0,1.0,26583309
104,105,0,0,0,0.0,0.0,39997450.0,0.0,0.0,5.0,0.0,0.0,1.0,26583309
105,106,0,0,0,0.0,0.0,39997450.0,0.0,0.0,5.0,0.0,0.0,1.0,26583309
106,107,0,0,10004125,0.0,0.0,39997450.0,0.0,0.0,5.0,0.0,5000343.0,5003783.0,26583309
107,108,9998861,0,0,0.0,0.0,49996311.0,0.0,0.0,5.0,0.0,0.0,5003783.0,26583309
108,109,0,0,9997718,0.0,0.0,49996311.0,0.0,0.0,5.0,0.0,0.0,15001501.0,26583309
109,110,0,0,0,0.0,0.0,49996311.0,0.0,0.0,5.0,0.0,0.0,15001501.0,26583309
110,111,0,0,0,0.0,0.0,49996311.0,0.0,0.0,5.0,0.0,0.0,15001501.0,26583309
111,112,0,0,0,0.0,0.0,49996311.0,0.0,0.0,5.0,0.0,0.0,15001501.0,26583309
112,113,0,0,0,0.0,0.0,49996311.0,0.0,1.0,4.0,0.0,0.0,15001501.0,26583309
113,114,0,0,0,0.0,0.0,49996311.0,0.0,0.0,4.0,0.0,0.0,15001501.0,26583309
114,115,0,0,0,0.0,0.0,49996311.0,0.0,1.0,3.0,0.0,0.0,15001501.0,26583309
115,116,0,0,0,0.0,0.0,49996311.0,0.0,0.0,3.0,0.0,0.0,15001501.0,26583309
116,117,0,0,0,0.0,0.0,49996311.0,1.0,0.0,2.0,0.0,10000748.0,5000753.0,26583309
117,118,0,0,0,0.0,0.0,49996311.0,0.0,0.0,2.0,0.0,0.0,5000753.0,26583309
118,119,0,0,0,0.0,0.0,49996311.0,0.0,0.0,2.0,0.0,0.0,5000753.0,26583309
119,120,0,0,0,0.0,0.0,49996311.0,2.0,0.0,0.0,0.0,0.0,5000753.0,26583309
120,121,0,10001131,10002134,0.0,0.0,49996311.0,1.0,10001129.0,1.0,0.0,0.0,15002887.0,26583309
121,122,0,0,0,0.0,0.0,49996311.0,1.0,0.0,0.0,0.0,0.0,15002887.0,26583309
122,123,0,9995107,0,0.0,0.0,49996311.0,9995105.0,1.0,1.0,0.0,0.0,15002887.0,26583309
123,124,10000478,0,10004720,0.0,0.0,59996789.0,0.0,1.0,0.0,0.0,0.0,25007607.0,26583309
124,125,0,10002807,10003551,0.0,0.0,59996789.0,4999718.0,2.0,5003087.0,0.0,0.0,35011158.0,26583309
125,126,0,0,0,0.0,0.0,59996789.0,0.0,0.0,5003087.0,0.0,10000509.0,25010649.0,26583309
126,127,0,0,0,0.0,0.0,59996789.0,0.0,1.0,5003086.0,0.0,0.0,25010649.0,26583309
127,128,0,0,0,0.0,0.0,59996789.0,0.0,1.0,5003085.0,0.0,0.0,25010649.0,26583309
128,129,0,0,0,0.0,0.0,59996789.0,5003083.0,0.0,2.0,0.0,0.0,25010649.0,26583309
129,130,0,0,0,0.0,0.0,59996789.0,0.0,0.0,2.0,0.0,9998608.0,15012041.0,26583309
130,131,0,9998668,0,0.0,0.0,59996789.0,4994580.0,0.0,5004090.0,0.0,0.0,15012041.0,26583309
131,132,0,10003177,0,0.0,0.0,59996789.0,1.0,0.0,15007266.0,0.0,0.0,15012041.0,26583309
132,133,0,0,0,0.0,0.0,59996789.0,0.0,0.0,15007266.0,0.0,0.0,15012041.0,26583309
133,134,0,0,0,0.0,0.0,59996789.0,1.0,0.0,15007265.0,0.0,0.0,15012041.0,26583309
134,135,0,0,0,0.0,0.0,59996789.0,0.0,0.0,15007265.0,0.0,0.0,15012041.0,26583309
135,136,0,0,0,0.0,0.0,59996789.0,0.0,0.0,15007265.0,0.0,0.0,15012041.0,26583309
136,137,0,0,0,0.0,0.0,59996789.0,0.0,0.0,15007265.0,0.0,0.0,15012041.0,26583309
137,138,0,0,9998164,0.0,0.0,59996789.0,0.0,0.0,15007265.0,0.0,0.0,25010205.0,26583309
138,139,0,0,0,10001735.0,0.0,49995054.0,9999620.0,0.0,5007645.0,0.0,6581954.0,18428251.0,26583309
139,140,0,0,0,10000006.0,0.0,39995048.0,0.0,0.0,5007645.0,0.0,13420410.0,5007841.0,26583309
140,141,0,0,0,10004019.0,0.0,29991029.0,0.0,0.0,5007645.0,0.0,0.0,5007841.0,26583309
141,142,0,0,0,0.0,0.0,29991029.0,0.0,0.0,5007645.0,0.0,0.0,5007841.0,26583309
142,143,9996471,0,0,0.0,0.0,39987500.0,5007644.0,0.0,1.0,0.0,0.0,5007841.0,26583309
143,144,0,0,0,0.0,0.0,39987500.0,0.0,0.0,1.0,0.0,0.0,5007841.0,26583309
144,145,10001975,9996194,0,9996125.0,0.0,39993350.0,4996214.0,1.0,4999980.0,0.0,0.0,5007841.0,26583309
145,146,0,0,0,0.0,0.0,39993350.0,4999980.0,0.0,0.0,0.0,0.0,5007841.0,26583309
146,147,10003645,0,0,9995631.0,0.0,40001364.0,0.0,0.0,0.0,0.0,0.0,5007841.0,26583309
147,148,0,9997818,0,9999534.0,0.0,30001830.0,4998325.0,2.0,4999491.0,0.0,5007839.0,2.0,26583309
148,149,0,0,0,10002668.0,0.0,19999162.0,0.0,1.0,4999490.0,0.0,0.0,2.0,26583309
149,150,0,0,0,0.0,0.0,19999162.0,0.0,1.0,4999489.0,0.0,1.0,1.0,26583309
150,151,9999164,9995337,0,0.0,0.0,29998326.0,1.0,9995105.0,4999720.0,0.0,0.0,1.0,26583309
151,152,0,0,0,0.0,0.0,29998326.0,2.0,0.0,4999718.0,0.0,0.0,1.0,26583309
152,153,0,0,0,10000073.0,0.0,19998253.0,0.0,4999718.0,0.0,0.0,0.0,1.0,26583309
153,154,0,0,0,9996916.0,0.0,10001337.0,0.0,0.0,0.0,0.0,0.0,1.0,26583309
154,155,0,0,0,0.0,0.0,10001337.0,0.0,0.0,0.0,0.0,0.0,1.0,26583309
155,156,0,0,0,0.0,0.0,10001337.0,0.0,0.0,0.0,0.0,0.0,1.0,26583309
156,157,0,9997665,0,0.0,0.0,10001337.0,0.0,5003083.0,4994582.0,0.0,0.0,1.0,26583309
157,158,0,0,9996285,10001337.0,0.0,0.0,0.0,0.0,4994582.0,0.0,9996284.0,2.0,26583309
158,159,0,0,10005257,0.0,0.0,0.0,0.0,4994580.0,2.0,0.0,4991627.0,5013632.0,26583309
159,160,10001735,0,0,0.0,10001735.0,0.0,0.0,1.0,1.0,0.0,0.0,5013632.0,26583309
160,161,10000006,0,0,0.0,10000006.0,0.0,0.0,0.0,1.0,0.0,0.0,5013632.0,26583309
161,162,10004019,0,0,0.0,10004019.0,0.0,0.0,1.0,0.0,0.0,0.0,5013632.0,26583309
162,163,0,0,0,0.0,0.0,0.0,0.0,0.0,0.0,0.0,0.0,5013632.0,26583309
163,164,0,0,0,0.0,0.0,0.0,0.0,0.0,0.0,0.0,5013632.0,0.0,26583309
164,165,0,0,9994817,0.0,0.0,0.0,0.0,0.0,0.0,0.0,9994816.0,1.0,26583309
165,166,9996125,0,0,0.0,9996125.0,0.0,0.0,0.0,0.0,0.0,1.0,0.0,26583309
166,167,0,9999620,0,0.0,0.0,0.0,0.0,9999620.0,0.0,0.0,0.0,0.0,26583309
167,168,9995631,0,0,0.0,9995631.0,0.0,0.0,0.0,0.0,0.0,0.0,0.0,26583309
168,169,9999534,0,0,0.0,9999534.0,0.0,0.0,0.0,0.0,0.0,0.0,0.0,26583309
169,170,10002668,0,10006124,0.0,10002668.0,0.0,0.0,0.0,0.0,0.0,4999358.0,5006766.0,26583309
170,171,0,10003858,0,0.0,0.0,0.0,0.0,5007644.0,4996214.0,0.0,5003180.0,3586.0,26583309
171,172,0,0,0,0.0,0.0,0.0,0.0,0.0,4996214.0,0.0,0.0,3586.0,26583309
172,173,0,0,0,0.0,0.0,0.0,0.0,4996214.0,0.0,0.0,0.0,3586.0,26583309
173,174,10000073,9998310,9997722,0.0,10000073.0,0.0,0.0,4999980.0,4998330.0,0.0,0.0,10001308.0,26583309
174,175,9996916,0,0,0.0,9996916.0,0.0,0.0,0.0,4998330.0,0.0,0.0,10001308.0,26583309
175,176,0,0,0,0.0,0.0,0.0,0.0,4998325.0,5.0,0.0,0.0,10001308.0,26583309
176,177,0,0,0,0.0,0.0,0.0,0.0,0.0,5.0,0.0,10001307.0,1.0,26583309
177,178,0,0,0,0.0,0.0,0.0,0.0,0.0,5.0,0.0,0.0,1.0,26583309
178,179,10001337,0,0,0.0,10001337.0,0.0,0.0,1.0,4.0,0.0,0.0,1.0,26583309
179,180,0,0,0,0.0,0.0,0.0,0.0,2.0,2.0,0.0,0.0,1.0,26583309
